# callgrind format
version: 1
creator: callgrind-3.13.0
pid: 9868
cmd:  ./AutomaticHeuristic
part: 1


desc: I1 cache: 32768 B, 64 B, 8-way associative
desc: D1 cache: 32768 B, 64 B, 8-way associative
desc: LL cache: 6291456 B, 64 B, 12-way associative

desc: Timerange: Basic block 0 - 27907
desc: Trigger: Program termination

positions: instr line
events: Ir Dr Dw I1mr D1mr D1mw ILmr DLmr DLmw
summary: 106729 22695 8984 502 404 555 502 389 553


ob=(1) /lib/x86_64-linux-gnu/ld-2.27.so
fl=(35) /build/glibc-OTsEL5/glibc-2.27/setjmp/../sysdeps/x86_64/setjmp.S
fn=(110) __sigsetjmp
0x1d090 26 9 0 9 1 0 1 1 0 1
+3 +9 9
+3 +1 9 9
+7 * 9
+4 +1 9 0 9
+4 +4 9 0 9
+4 +1 9 0 9
+4 +1 9 0 9
+4 +1 9 0 9
+4 +1 9
+5 +2 9 9 0 1 0 0 1
+7 * 9
+4 +2 9 0 9
+4 +1 9 9
+4 +1 9
+1 +2 9 9
+7 * 9
+4 +2 9 0 9
+4 +4 9
+2 +1 9 9

fl=(11) /build/glibc-OTsEL5/glibc-2.27/elf/../sysdeps/unix/sysv/linux/dl-sysdep.c
fn=(62) _dl_discover_osversion
0x1b210 45 1 0 1 1 0 0 1
+2 * 1 0 1
+1 * 1 0 1
+1 * 1
+7 +2 1 1
+7 * 1
+3 * 1
jcnd=1/1 0x1b2e8 +40 
* * 
0x1b2d5 +85 1
+7 * 1 1
+1 * 1 1
+1 * 1 1
+2 * 1 1
+8 -45 1 0 0 1 0 0 1
+5 * 1
+3 * 1 0 1 0 0 1 0 0 1
cfi=(23) /build/glibc-OTsEL5/glibc-2.27/posix/../sysdeps/unix/syscall-template.S
cfn=(64) uname
calls=1 0x1d010 -9 
* * 5 1 0 1 0 0 1
+5 * 1
+2 +15 1
+7 -15 1 0 0 1 0 0 1
+6 +20 1
+2 -1 1
+2 +3 1 1 0 0 1 0 0 1
+3 * 1
+3 * 1
+3 * 1
-9 * 2 2
+3 * 2
+3 * 2
+3 * 2
+2 +4 3 3
+4 -2 3
+4 * 3
+3 +2 3
+3 * 3
+4 * 3
jcnd=2/3 +35 +7 
* * 
+2 * 1
+9 +2 1
+3 +1 1
+4 * 1
+4 -3 1 1
+4 * 1
+3 * 1
+4 * 1
+2 +7 3 0 0 1 0 0 1
+3 -1 3
+3 +4 3
+4 -2 3
+2 +2 3
+3 * 3
jcnd=1/3 +19 +5 
* * 
+2 * 2
+3 * 2
jcnd=2/2 -84 -14 
* * 
+14 +5 1
+3 * 1
jcnd=1/1 0x1b2d5 +4 
* * 

fl=(50) /build/glibc-OTsEL5/glibc-2.27/elf/dl-cache.c
fn=(160) _dl_cache_libcmp
0x17f70 141 79 79 0 1 0 0 1
+3 * 79 79 0 0 47 0 0 47
+3 +1 79
+2 * 79
-2 * 13
+2 * 13
jcnd=6/13 +51 +32 
* * 
+2 +2 512
+4 * 512 0 0 1 0 0 1
+3 * 512
+4 * 512
jcnd=13/512 +51 +2 
* * 
+2 +20 499
+2 * 499
+6 +2 499
+2 * 499
jcnd=73/499 0x18050 +1 
* * 
+6 * 426 426
+4 * 426 426 0 0 1 0 0 1
+4 +4 426
+4 +1 426
+4 -29 426
+2 * 426
jcnd=426/426 -47 +2 
* * 
+2 +32 6
+3 * 6
+2 * 6 6
+8 -28 13
+2 * 13
+6 +6 13 0 0 1 0 0 1
+3 +2 13 13
+4 -1 13
+4 -1 13
+4 * 13
+3 +1 13
+4 -1 13
+3 +2 13
+3 * 13
+3 * 13
jcnd=11/13 +31 +2 
* * 
+2 * 2
+7 +1 2
+3 * 2
+4 * 2
+4 -1 2 2
+3 * 2
+3 * 2
+3 * 2
+2 +2 13 13 0 1 0 0 1
+4 * 13
+3 * 13
+4 -3 13
+3 +3 13
jcnd=11/13 +30 +2 
* * 
+2 * 2
+2 +1 2
+4 * 2
+4 * 2
+5 -1 2 2
+3 * 2
+4 * 2
+4 * 2
+2 +2 13
+3 * 13
jcnd=13/13 0x17f76 -16 
* * 
+35 +9 73
+3 * 73
+2 * 73 73

fn=(154) _dl_load_cache_lookup
0x18060 187 7 0 7 1 0 0 1
+1 * 7
+3 * 7 0 7
+2 * 7 0 7
+2 * 7 0 7
+2 * 7 0 7
+2 * 7
+3 * 7 0 7
+1 * 7
+4 +8 7 7
+7 * 7 0 0 1 0 0 1
+6 +3 7 7 0 0 1 0 0 1
+7 * 7
+3 * 7
jcnd=1/7 0x18350 +3 
* * 
+6 +45 6
+4 * 6
+6 * 6 6
+7 * 6 6
+7 * 6
+3 +6 6
+4 * 6
-7 -6 1
+3 +6 1
+4 * 1
+6 +11 7 7
+7 -2 7
fi=(51) /build/glibc-OTsEL5/glibc-2.27/elf/../sysdeps/x86/dl-procinfo.h
+3 39 7 0 0 1 0 0 1
fe=(50)
+7 258 7 0 7
+4 * 7
fi=(51)
+3 39 7 0 7
+4 * 7
+3 * 7
+2 +3 7
+7 * 7
+3 * 7 0 7
cfi=(21) /build/glibc-OTsEL5/glibc-2.27/string/../sysdeps/x86_64/strcmp.S
cfn=(56) strcmp
calls=7 0x1d360 144 
* * 168 49
+5 * 7
+2 * 7
jcnd=7/7 0x18b40 * 
* * 
fe=(50)
+41 264 7 0 0 1 0 0 1
+4 * 7
+2 * 7
+5 * 7 0 7
cfi=(9) /build/glibc-OTsEL5/glibc-2.27/elf/dl-tunables.c
cfn=(26) __tunable_get_val
calls=7 0x19250 373 
* * 126 28 7
+5 * 7 7
fi=(26) /build/glibc-OTsEL5/glibc-2.27/elf/../sysdeps/unix/sysv/linux/not-errno.h
+4 28 7
+2 * 7
fe=(50)
+7 264 7 0 7
fi=(26)
+4 28 7
+5 * 7
fe=(50)
+2 266 7
+2 * 7
fi=(26)
+3 32 7 0 0 1 0 0 1
+5 * 7
+3 * 7
fe=(50)
+2 270 7 7
+7 * 7 0 7
+3 +15 7 7
+7 -15 7 0 7
+4 +15 7 7
+3 * 7 0 7
+4 * 7
+2 * 7 0 7
+3 * 7
+3 * 7
+2 * 7
+3 * 7
+3 * 7
+3 * 7
+4 * 7 7 0 0 1 0 0 1
+4 * 7 7 0 1 0 0 1
+3 * 7
+2 * 7
+3 * 7
jump=7 +55 * 
* * 
+9 * 24
+4 * 24
+3 * 24
+2 * 66
+4 * 66 66
+4 * 66
+3 * 66
+4 * 66
+3 * 66
+3 * 66
+3 * 66
+4 * 66 66 0 0 40 0 0 40
+4 * 66
+3 * 66
+2 * 73 0 0 1 0 0 1
+3 * 73
+3 * 73 0 73
cfn=(160)
calls=73 0x17f70 141 
* * 6864 1029 0 4 46 0 4 46
+5 * 73
+2 * 73
jcnd=6/73 +37 * 
* * 
+2 * 67
jcnd=24/67 -61 * 
* * 
+2 * 43
+4 * 43
+3 * 43
jcnd=42/43 -61 * 
* * 
+2 +31 1
+4 -10 1
+2 +10 1 1
+1 * 1 1
+2 * 1 1
+2 * 1 1
+2 * 1 1
+2 * 1 1
+1 * 1 1
+8 -31 6
+3 * 6
+6 * 6
+4 * 6 6 0 1 0 0 1
+4 * 6
+3 * 6
+4 * 6 6 0 0 1 0 0 1
+4 * 6 6
+3 * 6
+6 * 6
+4 * 6
+2 * 6
+4 * 6
+5 * 6
jump=6 +39 * 
* * 
+39 * 6 0 0 1 0 0 1
+4 * 6
+3 * 6
+3 * 6 0 6
+4 * 6 0 6
+3 * 6 0 6
cfn=(160)
calls=6 0x17f70 141 
* * 594 90 0 0 2 0 0 2
+5 * 6
+2 * 6
+2 * 6 6
+4 * 6 6
+10 * 6 6
+6 * 6 0 6
+3 * 6 0 0 1 0 0 1
jcnd=6/6 0x187b0 +12 
* * 
0x18350 -84 1 0 0 1 0 0 1
+7 * 1
+7 * 1
+5 * 1 0 1
cfi=(36) /build/glibc-OTsEL5/glibc-2.27/elf/dl-misc.c
cfn=(156) _dl_sysdep_read_whole_file
calls=1 0x11470 44 
* * 107 16 16 3 0 0 3
+5 +8 1
+4 -8 1
+3 +8 1
+6 * 1 1
+7 * 1
+4 * 1 0 0 1 0 0 1
+6 +1 1
+10 * 1 1 0 0 1 0 0 1
+4 * 1
+6 * 1 1
+7 * 1
+6 * 1 1
+5 * 1
+6 +7 1 1
+4 -3 1 0 1
+7 +3 1 0 0 1 0 0 1
+4 * 1
+8 * 1
+4 +3 1
+5 +1 1
+4 * 1
+3 -1 1 0 1
+7 +1 1
+2 +1 1
+10 * 1
+10 * 1 1 0 0 1 0 0 1
+4 * 1 1
+3 * 1
+3 * 1 0 0 1 0 0 1
+2 * 1 1 0 0 1 0 0 1
+7 * 1
jcnd=1/1 0x18b63 +75 
* * 
0x185fc +63 6 0 0 1 0 0 1
+3 * 6 0 6 1 0 0 1
+4 * 6
+5 +16 6 6
+7 * 6
+6 +4 6 6
+5 * 6
+6 +8 6 6
+4 * 6
+3 * 6 0 6
cfi=(13) /build/glibc-OTsEL5/glibc-2.27/string/../sysdeps/x86_64/multiarch/../strlen.S
cfn=(28) strlen
calls=6 0x1f2f0 79 
* * 230 38 0 0 5 0 0 5
+5 * 6
+4 * 6
+4 +1 6
+3 -1 6
+4 * 6
+3 * 6 0 0 1 0 0 1
+5 * 6
+4 +1 6
+3 * 6 0 6
cfi=(20) /build/glibc-OTsEL5/glibc-2.27/string/../sysdeps/x86_64/multiarch/memmove-vec-unaligned-erms.S
cfn=(48) memcpy
calls=6 0x1f840 129 
* * 108 30 24
+5 +1 6
+3 * 6 0 6
cfi=(30) /build/glibc-OTsEL5/glibc-2.27/string/strdup.c
cfn=(86) strdup
calls=6 0x1d310 40 
* * 528 96 66 0 0 5 0 0 5
+5 +1 6
+4 * 6 6
+1 * 6 6
+2 * 6 6
+2 * 6 6
+2 * 6 6
+2 * 6 6
+1 * 6 6
0x187b0 -19 6 0 0 1 0 0 1
+3 * 6 6
+4 -27 6 6
+4 * 6 6
+4 * 6 0 0 1 0 0 1
+4 * 6
+5 +1 6
+10 * 6
+3 * 6 6
+4 -1 6
+3 * 6
+6 * 6 6
+3 * 6
+2 * 6
jcnd=6/6 0x18a28 * 
* * 
0x18a28 * 6 0 6 1 0 0 1
+4 * 6
jump=6 +21 +15 
* * 
+21 +15 6 0 0 1 0 0 1
+3 * 6
jcnd=6/6 +41 * 
* * 
+41 * 6 6
+6 * 6
+2 * 6 6
+3 * 6
+3 * 6
+2 * 6 6 0 1 0 0 1
+4 * 6 6
+4 * 6
+2 * 6 6
+3 * 6 6
+3 * 6
+2 * 6
+10 * 6
+3 * 6
jcnd=6/6 0x185fc * 
* * 
fi=(51)
0x18b40 42 7
+10 * 7 0 7
+4 * 7
jfi=(50)
jump=7 0x18111 264 
* * 
fe=(50)
+21 297 1 0 0 1 0 0 1
+3 * 1
+3 * 1
jump=1 0x180a9 -54 
* * 

fl=(29) /build/glibc-OTsEL5/glibc-2.27/string/../sysdeps/x86_64/multiarch/../strchr.S
fn=(84) index
0x1f0d0 24 22 0 0 1 0 0 1
+4 +1 22
+2 +1 22
+5 +1 22
+4 +1 22
+5 +1 22
+4 +1 22
+5 +1 22
+6 +1 22 22 0 0 8 0 0 8
+4 +1 22
+4 +1 22
+4 +1 22 0 0 1 0 0 1
+4 +1 22
+4 +1 22
+4 +1 22
+4 +1 22
+2 +1 22
jcnd=11/22 +23 +14 
* * 
+2 +1 11
+3 +4 11
+5 +1 11
+4 +1 11 11
+3 +1 11
+4 +2 11 11
+2 +4 11 11 0 0 2 0 0 2
+5 +1 11
+4 +1 11
+4 +1 11
+4 +1 11
+4 +1 11 0 0 1 0 0 1
+4 +1 11 11
+5 +1 11
+4 +1 11
+4 +1 11
+4 +1 11
+4 +1 11
+4 +1 11
+4 +1 11 11
+5 +1 11
+4 +1 11
+4 +1 11
+4 +1 11
+3 +1 11
+4 +1 11
+4 +1 11
+4 +1 11 0 0 1 0 0 1
+3 +1 11
+3 +1 11
jcnd=11/11 0x1f230 +52 
* * 
0x1f230 +52 11 0 0 1 0 0 1
+4 +4 11
+5 +1 11
+4 +1 11 11
+3 +1 11 0 0 1 0 0 1
+4 +2 11 11

fl=(13)
fn=(28)
0x1f2f0 79 58 0 0 1 0 0 1
+4 +1 58
+4 +1 58
+4 +1 58
+4 +1 58 0 0 1 0 0 1
+3 +1 58
+3 +1 58
+7 +2 58
+7 +2 58
+2 +31 58 58 0 0 9 0 0 8
+4 +1 58
+4 +1 58
+4 +1 58
+2 +1 58
jcnd=40/58 +6 +7 
* * 
+2 +1 18
+3 +2 18 18
+1 +4 40
+4 +1 40 40
+5 +1 40 40 0 0 7 0 0 6
+5 +1 40 40 0 0 2 0 0 2
+5 +1 40 0 0 1 0 0 1
+4 +1 40
+5 +1 40
+4 +1 40
+4 +1 40
+4 +1 40
+3 +1 40
+4 +1 40
+3 +5 40
+3 * 40
+3 * 40
+4 * 40
+3 * 40
+3 * 40
jcnd=3/40 0x1f3f0 +74 
* * 
+6 * 37
+4 * 37 37
0x1f3f0 +74 3 3 0 1 0 0 1
+5 +1 3 3
+5 +1 3 3
+5 +1 3 3 0 1 0 0 1
+5 +1 3
+4 +1 3
+4 +1 3
+2 +1 3
jcnd=2/3 +50 +16 
* * 
+2 +2 1
+4 +2 1 1
+4 +1 1 1
+5 +1 1 1
+5 +1 1 1
+5 +1 1
+4 +1 1
+4 +1 1
+2 +1 1
jcnd=1/1 +19 +7 
* * 
+15 +5 2
+4 +2 2
+4 +1 2 2
+4 * 2 2
+5 * 2 2
+5 * 2 2
+5 * 2
+4 * 2
+4 * 2
+5 * 2
+4 * 2
+4 * 2
+4 * 2
+3 * 2
+3 * 2
+4 * 2
+3 +2 2
+4 +1 2
+3 +1 2
+3 +2 2 2
-71 -7 1 0 0 1 0 0 1
+4 +1 1 1
+4 * 1 1
+5 * 1 1
+5 * 1 1
+5 * 1
+4 * 1
+4 * 1
+5 * 1
+4 * 1
+4 * 1
+4 * 1
+3 * 1
+3 * 1
+4 * 1 0 0 1 0 0 1
+3 +2 1
+4 +1 1
+3 +1 1
+3 +2 1 1

fl=(36)
fn=(180) _dl_dprintf
0x11660 270 1 0 0 1 0 0 1
+7 * 1
+2 * 1 0 1
+5 * 1 0 1
+5 * 1 0 1
+5 * 1 0 1
+5 * 1
jcnd=1/1 +57 +3 
* * 
+57 +3 1 0 0 1 0 0 1
+8 +1 1 0 0 1 0 0 1
+5 * 1
+3 * 1
+2 -1 1 0 1
+5 * 1
+5 * 1 0 1
+8 * 1 0 1
+8 * 1 0 1
+5 +1 1 0 1
cfn=(182) _dl_debug_vdprintf
calls=1 0x10e40 79 
* * 768 107 69 14 8 4 14 6 4
+5 +2 1
+7 * 1 1

fn=(156)
0x11470 44 1 0 1 1 0 0 1
+2 * 1 0 1
+2 +3 1
+2 -3 1 0 1
+1 * 1 0 1
+1 * 1
+3 +3 1
+5 -3 1 0 0 1 0 0 1
+3 * 1
+7 * 1
+7 +3 1 0 1
cfi=(37) /build/glibc-OTsEL5/glibc-2.27/io/../sysdeps/unix/sysv/linux/wordsize-64/lxstat.c
cfn=(120) open
calls=1 0x1ccb0 -8 
* * 16 1 1
+5 +1 1
+2 * 1
+2 +2 1
+3 * 1
+2 * 1
+5 * 1
+2 * 1 0 1
cfi=(41) /build/glibc-OTsEL5/glibc-2.27/io/../sysdeps/unix/sysv/linux/wordsize-64/fxstat.c
cfn=(130) _fxstat
calls=1 0x1cc30 -16 
* * 10 1
+5 * 1
+2 * 1
+2 +2 1 1
+5 +3 1
+3 -3 1 0 1
+4 +3 1
jcnd=1/1 +37 +2 
* * 
+9 +13 1
+2 * 1 0 1
cfi=(46) /build/glibc-OTsEL5/glibc-2.27/io/../sysdeps/unix/sysv/linux/close.c
cfn=(142) close
calls=1 0x1ced0 -41 
* * 5 1
+5 +3 1
+7 * 1
+3 * 1 1
+1 * 1 1
+1 * 1 1
+2 * 1 1
+2 * 1 1
+5 -14 1 0 0 1 0 0 1
+3 * 1
+3 * 1
+5 * 1
+3 * 1
+2 * 1 0 1
cfi=(42) /build/glibc-OTsEL5/glibc-2.27/misc/../sysdeps/unix/sysv/linux/mmap64.c
cfn=(132) mmap
calls=1 0x1cf00 -13 
* * 35 7 6
+5 * 1
+3 * 1
jump=1 -52 +11 
* * 

fn=(182)
0x10e40 79 1 0 1 1 0 0 1
+1 +22 1
+5 -22 1
+3 * 1 0 1
+2 * 1 0 1
+2 +30 1
+7 -30 1 0 1
+2 * 1 0 1
+2 * 1 0 1
+1 * 1
+3 +4 1
+3 +18 1
+3 -19 1
+3 -3 1
+3 * 1
+7 +22 1 0 1 0 0 1 0 0 1
+7 -15 1 1 0 0 1 0 0 1
+3 -7 1 0 1
+6 * 1 0 1 1 0 1 1 0 1
+7 * 1
+7 +7 1
+2 * 1
+6 * 1
+3 +4 1
+4 * 1
jcnd=1/1 +61 +26 
* * 
-4 * 7
+4 * 7
jcnd=7/7 +61 +26 
* * 
+61 +26 8 0 0 1 0 0 1
+2 * 8
+6 * 8
+2 * 8
jcnd=5/8 0x11204 * 
* * 
+6 * 3
+3 * 3
+3 * 3
+3 * 3
+2 * 3
jcnd=1/3 +31 * 
* * 
+2 * 2
+10 +1 2
+4 -1 2 2
+3 * 2
+2 * 2
-9 +1 3
+4 -1 3 3
+3 * 3
+2 * 3
jcnd=1/3 +14 +4 
* * 
+2 * 4
+2 * 4
jcnd=2/4 +10 +4 
* * 
+2 * 2
+2 * 2
jcnd=2/2 -17 +1 
* * 
+2 * 1
+2 * 1
jcnd=1/1 -21 +1 
* * 
+2 +4 8 0 0 1 0 0 1
+4 * 8
+6 +1 8
+3 * 8
+3 * 8
+3 * 8
+4 * 8
+3 * 8 0 8 0 0 1 0 0 1
+8 * 8
jcnd=5/8 +14 +3 
* * 
+2 +1 3 0 3
+8 * 3
+4 +2 3
+2 * 3
jcnd=2/3 +71 +11 
* * 
-2 * 5 0 0 1 0 0 1
+2 * 5
jcnd=5/5 +71 +11 
* * 
+2 +96 1
+2 * 1
+6 +6 8
+3 86 8 8
+3 * 8
+2 * 8
jcnd=7/8 0x10e98 +4 
* * 
fi=(55) /build/glibc-OTsEL5/glibc-2.27/elf/../sysdeps/unix/sysv/linux/dl-writev.h
+6 -49 1
fe=(36)
+7 239 1
fi=(55)
+3 37 1 1
+6 * 1
+5 * 1
fe=(36)
+2 240 1
+4 * 1 1
+1 * 1 1
+2 * 1 1
+2 * 1 1
+2 * 1 1
+2 * 1 1
+1 * 1 1
+10 135 7 7 0 1 1 0 1 1
+4 * 7
+3 * 7
+6 +8 7
+3 -8 7
+4 -8 7
+6 +1 7
+7 +15 7
+6 +7 7
+3 -21 7
+5 +21 7 0 0 1 0 0 1
+6 +9 7
+3 * 7
+6 * 7
+3 * 7
+6 +8 7
+3 * 7
jcnd=7/7 0x1118b * 
* * 
+51 +45 7 0 0 1 0 0 1
+4 +6 7
+4 * 7
jump=7 0x10f53 +8 
* * 
0x1118b -51 7 0 0 1 0 0 1
+3 +35 7 7
+7 * 7 7
+2 * 7
+3 * 7
jcnd=3/7 0x113b7 * 
* * 
+6 * 4
+2 * 4 4
+4 * 4
+3 * 4 0 4
+2 * 4 4
+3 * 4
+3 * 4 0 4
+7 * 4
+4 * 4 0 4 1 0 0 1
+6 * 4 0 4
+7 * 4 0 4 0 0 1 0 0 1
+8 +1 4 0 4
cfi=(13)
cfn=(28)
calls=4 0x1f2f0 79 
* * 100 14 0 0 5 0 0 3
-38 -1 3 3
+3 * 3
+3 * 3 0 3
+7 * 3
+4 * 3 0 3
+6 * 3 0 3
+7 * 3 0 3
+8 +1 3 0 3
cfi=(13)
cfn=(28)
calls=3 0x1f2f0 79 
* * 84 12 0 0 1 0 0 1
+5 +1 7 7
+7 * 7 7
+7 * 7 7
+7 * 7
+3 * 7
jcnd=7/7 0x1125a -1 
* * 
+22 -88 5 0 0 1 0 0 1
+3 * 5
jump=5 0x10f17 +4 
* * 
+83 +87 7 0 7 1 0 0 1
+8 * 7
jump=7 0x1100d +9 
* * 
0x113b7 -1 3 3 0 1 0 0 1
+7 * 3 3 0 1 0 0 1
+4 * 3
+4 * 3 0 3
+4 * 3
jump=3 0x111ab * 
* * 

fn=(116) _dl_name_match_p
0x11700 282 54 0 54 1 0 0 1
+1 * 54 0 54
+1 * 54
+3 * 54
+3 * 54
+4 +1 54 54
+4 * 54 0 54 0 0 1 0 0 1
cfi=(21)
cfn=(56)
calls=54 0x1d360 144 
* * 1904 353 0 6 2 0 6 1
+5 * 54
+2 +1 54
+5 -1 54
+2 +3 54 54
+4 +2 54
+3 * 54
jcnd=54/54 +36 +1 
* * 
+11 +6 54
+2 +1 54
+4 * 54
+2 * 54 54
+1 * 54 54
+1 * 54 54
+6 -3 63 63
+4 -4 63
+3 * 63
jcnd=54/63 -23 +6 
* * 
+2 +1 63 63 0 1 0 0 1
+3 * 63
+3 * 63 0 63
cfi=(21)
cfn=(56)
calls=63 0x1d360 144 
* * 2198 413 0 3 0 0 3
+5 * 63
+2 * 63
jcnd=63/63 -22 +3 
* * 

fl=(14) /build/glibc-OTsEL5/glibc-2.27/elf/../misc/sbrk.c
fn=(30) sbrk
0x1bf10 32 1 0 1 1 0 0 1
+1 * 1 0 1
+1 * 1
+3 * 1
+4 +8 1 1
+7 * 1
+3 * 1
+2 * 1 1
+6 * 1
+2 * 1
jcnd=1/1 +20 +4 
* * 
+20 +4 1 0 0 1 0 0 1
+4 * 1
jcnd=1/1 +34 +16 
* * 
+34 +16 1
+4 * 1
+3 * 1 1
+1 * 1 1
+1 * 1 1

fl=(42)
fn=(132)
0x1cf00 44 23 0 0 1 0 0 1
+7 * 23
+2 +3 23
+3 -6 23 0 23
+2 * 23
+3 * 23 0 23 0 0 2 0 0 2
+2 * 23
+3 * 23 0 23
+2 * 23
+3 * 23 0 23 0 0 3 0 0 3
+2 * 23
+3 * 23 0 23
+1 * 23
+3 * 23 0 23 0 0 2 0 0 2
+1 * 23
+3 +6 23
jcnd=11/23 +80 * 
* * 
+2 +5 23
+3 * 23
+3 * 23
+3 * 23
+3 * 23
+3 * 23
+3 * 23
+5 * 23
+2 * 23
+6 * 23
+2 +2 23 23
+1 * 23 23
+1 * 23 23
+2 * 23 23
+2 * 23 23
+2 * 23 23
+2 * 23 23
+35 -7 11 0 0 1 0 0 1
+3 * 11
jcnd=3/11 -81 +5 
* * 
+2 * 8 8 0 1 0 0 1
+7 * 8
jcnd=8/8 -90 +5 
* * 

fl=(46)
fn=(142)
0x1ced0 27 9 0 0 1 0 0 1
+5 * 9
+2 * 9
+6 * 9
+2 +1 9 9

fl=(34) /build/glibc-OTsEL5/glibc-2.27/elf/dl-error-skeleton.c
fn=(174) _dl_signal_exception
0x1ba60 91 1 0 0 1 0 0 1
+4 +1 1 1
+7 +1 1
+3 * 1
jcnd=1/1 +40 +9 
* * 
+40 +9 1 1
+4 * 1 1
+3 * 1 0 1
cfn=(176) fatal_error
calls=1 0x1b9b0 -26 
* * 844 115 87 23 10 4 23 7 4

fn=(108) _dl_catch_exception
0x1bc10 175 9 0 9 1 0 0 1
+1 * 9
+7 +15 9 9
+7 -3 9 0 9 0 0 1 0 0 1
+5 * 9 0 9 0 0 1 0 0 1
+5 +4 9
+5 -3 9
+5 -13 9 0 9
+5 +19 9
+2 -3 9 0 9 1 0 0 1
+7 +3 9
+5 -19 9 0 9
+5 +13 9 0 9
+5 +2 9 0 9
+4 +4 9 0 9 0 0 1 0 0 1
cfi=(35)
cfn=(110)
calls=9 0x1d090 26 
* * 180 45 72 2 0 1 2 0 1
+5 * 10
+2 * 10
jcnd=1/10 +61 +11 
* * 
+2 * 9
+2 +2 9 9
+5 * 9 9
+5 * 9 0 9
cfi=(48) /build/glibc-OTsEL5/glibc-2.27/elf/dl-deps.c
cfn=(148) openaux
calls=8 0xe2e0 60 
* * 59422 12865 7360 98 208 401 98 200 401
cfi=(2) /build/glibc-OTsEL5/glibc-2.27/elf/rtld.c
cfn=(112) map_doit
calls=1 0x12e0 588 
* * 2187 472 256 83 20 33 83 20 33
+2 +2 8 8
+5 -1 8 8
+4 +1 8
+4 * 8 0 8
+8 -1 8 0 8 1 0 0 1
+7 +1 8 0 8
+3 +9 8
+7 * 8
+2 * 8 8
+1 * 8 8
+4 -2 1 1
+4 +1 1 1
+4 -1 1 0 1
+7 +2 1
+7 * 1
+2 * 1 1
+1 * 1 1

fn=(176)
0x1b9b0 76 1 0 1
+1 * 1
+7 * 1
+3 * 1
+3 * 1 0 0 1 0 0 1
+7 +2 1
+2 * 1
+3 * 1
jcnd=1/1 0x1ba33 * 
* * 
+2 * 1 1
+4 * 1
+7 * 1
+7 * 1
+7 * 1
+4 * 1
+7 * 1
+3 * 1
+4 * 1 1
+7 * 1 1 0 0 1
+3 * 1
+3 * 1
+4 * 1
+4 * 1
+5 * 1 0 1
+1 * 1 0 1
+1 * 1
+7 * 1 0 1
+1 * 1
+2 * 1
+3 * 1 0 1
cfi=(36)
cfn=(180)
calls=1 0x11660 270 
* * 787 108 78 17 8 4 17 6 4
+5 * 1
+4 * 1
+5 * 1 0 1
cfi=(56) /build/glibc-OTsEL5/glibc-2.27/posix/../sysdeps/unix/sysv/linux/_exit.c
cfn=(186) _Exit
calls=1 0x1d030 -51 
* * 7 0 0 1 0 0 1
+5 * 1 0 0 1 0 0 1
+5 * 1
+5 * 1 0 1
+5 * 1 0 1
+4 * 1 0 1
cfi=(19) /build/glibc-OTsEL5/glibc-2.27/elf/dl-minimal.c
cfn=(178) __strerror_r
calls=1 0x1b670 +75 
* * 9 2 0 3 1 0 3 1
+5 * 1
+7 * 1 1
+5 * 1 1
+4 * 1
jump=1 0x1b9cc * 
* * 

fn=(164) _dl_signal_error
0x1bab0 109 1 0 1 1 0 0 1
+1 * 1 0 1
+1 +4 1
+7 -4 1
+2 * 1
+4 +1 1 1 0 1 0 0 1
+7 +3 1
+3 * 1
+4 +2 1
+3 * 1
+2 +2 1 1
+3 * 1
+3 * 1 0 1
cfi=(52) /build/glibc-OTsEL5/glibc-2.27/elf/dl-exception.c
cfn=(166) _dl_exception_create
calls=1 0x17840 -45 
* * 138 26 21 3 2 1 3 2 1
+5 +1 1 1
+4 +3 1
+4 * 1
+5 -3 1 0 1
+2 +3 1 0 1
cfi=(53) /build/glibc-OTsEL5/glibc-2.27/setjmp/../sysdeps/x86_64/__longjmp.S
cfn=(168) __longjmp
calls=1 0x1d0e0 -92 
* * 20 11 0 1 0 0 1

fn=(104) _dl_catch_error
0x1bcc0 213 1 0 1 1 0 0 1
+2 * 1 0 1
+1 * 1
+3 * 1 0 1
+1 * 1
+3 * 1
+3 +2 1
+3 * 1
+3 -2 1
+4 +2 1
+3 * 1 0 1
cfn=(108)
calls=1 0x1bc10 -40 
* * 2238 484 277 88 20 35 88 20 35
* * 1 1
+5 +1 1 1
+4 * 1 0 1
+4 +1 1 1
+5 +1 1 1
+5 -1 1 0 1
+4 +1 1 0 1
+3 +2 1
+4 * 1 1
+1 * 1 1
+1 * 1 1
+2 * 1 1 0 1 0 0 1

fl=(49) /build/glibc-OTsEL5/glibc-2.27/io/../sysdeps/unix/sysv/linux/wordsize-64/xstat.c
fn=(152) _xstat
0x1cbf0 34 63 0 0 1 0 0 1
+3 -1 63
+3 +1 63
+2 +1 63
+3 * 63
+3 * 63
+5 * 63
+2 * 63
+6 * 63
jcnd=56/63 +5 * 
* * 
+2 +4 7 7
+3 -4 56
+2 * 56 0 56
+6 * 56
+5 * 56 56

fl=(12) /build/glibc-OTsEL5/glibc-2.27/elf/../sysdeps/unix/sysv/linux/x86_64/brk.c
fn=(22) brk
0x1bec0 31 1 0 0 1 0 0 1
+5 * 1
+2 * 1
+2 * 1
+6 * 1
+3 * 1
+2 * 1 0 1 0 0 1 0 0 1
+7 +8 1
+2 -6 1
+3 * 1
+2 +7 1 1

fl=(17) /build/glibc-OTsEL5/glibc-2.27/elf/dl-object.c
fn=(38) _dl_new_object
0xc090 59 9 0 9 1 0 0 1
+2 * 9 0 9
+2 * 9
+3 * 9 0 9
+2 * 9 0 9 0 0 1 0 0 1
+2 * 9
+3 * 9 0 9
+1 * 9 0 9 0 0 1 0 0 1
+1 * 9
+3 * 9
+3 * 9
+4 * 9 0 9
+5 +1 9
+3 -1 9 0 9
+5 +1 9 0 9
+5 * 9 0 9 1 0 2 1 0 2
cfi=(13)
cfn=(28)
calls=9 0x1f2f0 +19 
* * 234 33 0 0 1 0 0 1
+5 +6 9 9
+7 -6 9
+4 * 9
+3 +6 9
+2 +7 9
+5 -7 9
+3 -6 9 0 9
+5 +6 9
+3 * 9
+3 * 9
+4 +2 9
+3 * 9
+4 +5 9
+8 * 9 0 9
+5 * 9 0 9 1 0 0 1
cfi=(19)
cfn=(42) calloc
calls=9 0x1b5e0 +19 
* * 369 58 48 10 0 1 10 0 1
* * 9 9 0 1 0 0 1
+5 +3 9
+3 -3 9
+3 +3 9
+6 +4 9 9
+5 +5 9 9
+5 -6 9 0 9 0 0 7 0 0 7
+4 +6 9 9
+5 -5 9
+8 +5 9
+3 -5 9 0 9 0 0 9 0 0 9
+7 +4 9
+4 +1 9
+4 * 9 0 9
+5 -1 9 0 9 1 0 2 1 0 2
+4 +1 9 0 9
cfi=(20)
cfn=(48)
calls=9 0x1f840 +44 
* * 101 28 19 1 0 9 1 0 9
+5 +10 9 9
+5 -10 9 9
+5 +10 9 9
+3 -10 9 0 9 0 0 7 0 0 7
+4 +10 9
+3 -8 9 0 9
+8 +8 9
+3 * 9
+4 +1 9
+4 -1 9 0 9 0 0 1 0 0 1
+4 +1 9 9 0 0 9 0 0 9
+7 * 9
+3 * 9
+3 +3 9 9 0 1 0 0 1
+7 -3 9 0 9
+7 +3 9
jcnd=9/9 0xc300 +1 
* * 
+6 +9 9
+3 -7 9 0 9 0 0 2 0 0 2
+7 +4 9 0 9
+4 +3 9
jcnd=8/9 +42 +18 
* * 
+2 * 1
+4 * 1
+7 * 1
+4 * 1
+8 * 1
+5 +2 1 0 1 1 0 1 1 0 1
+3 * 1
+4 -2 1
+3 * 1
jcnd=1/1 -10 +2 
* * 
-10 +2 15 0 15 0 0 3 0 0 3
+3 * 15
+4 -2 15
+3 * 15
jcnd=14/15 -10 +2 
* * 
+2 +18 9
+4 * 9
+7 -6 9
+7 +1 9 0 9 0 0 9 0 0 9
+11 +5 9
+4 -6 9 0 9 0 0 5 0 0 5
+7 +6 9 9
+4 * 9
+3 * 9 0 0 1 0 0 1
jcnd=1/9 0xc3b8 -2 
* * 
+6 +2 8
+6 +3 8
+3 -3 8
+5 * 8 0 8 0 0 2 0 0 2
+7 +3 8
jcnd=8/8 +13 +4 
* * 
+13 +4 8 8
+7 * 8
+3 * 8
+2 +4 8
+2 * 8
jcnd=8/8 0xc310 -39 
* * 
+6 * 1
+7 +8 1 0 1 1 0 0 1
+3 +3 1
+7 +3 1
+3 * 1 0 1
+5 -3 1 0 1
+7 +3 1
jcnd=1/1 0xc2e9 +74 
* * 
-22 -3 8
+7 +3 8
+3 * 8 0 8
+5 -3 8 0 8
+7 +3 8
+6 +2 8 8
+5 +21 8
+3 -21 8 0 8
cfi=(13)
cfn=(28)
calls=8 0x1f2f0 -76 
* * 298 48
+5 +4 8 8
+5 -4 8
+4 * 8 0 8
+5 +17 8
+3 -13 8
+4 * 8 0 0 1 0 0 1
+2 * 8
jump=8 0xc3e0 +4 
* * 
+97 +64 8 0 8
+7 +4 8
+4 * 8
+3 * 8 8
+1 * 8 8
+1 * 8 8
+2 * 8 8
+2 * 8 8
+2 * 8 8
+2 * 8 8
-17 * 1 0 0 1 0 0 1
+4 * 1
+3 * 1 1
+1 * 1 1
+1 * 1 1
+2 * 1 1
+2 * 1 1
+2 * 1 1
+2 * 1 1
+6 100 9 0 9 1 0 9 1 0 9
+10 * 9
jump=9 0xc194 +8 
* * 
+6 * 8 8
+7 +39 8
+7 * 8
+3 * 8
jcnd=8/8 0xc241 +11 
* * 
+99 +70 8 8
+5 * 8
+3 * 8 0 8
cfi=(20)
cfn=(74) mempcpy
calls=8 0x1f830 -93 
* * 168 44 36 0 0 8 0 0 8
+5 * 8
jump=8 +10 +6 
* * 
+7 * 166
+3 +6 166 166
+4 -1 166
+4 +1 166
jcnd=158/166 -11 -6 
* * 
-8 * 8 8
+4 -1 8
+4 +1 8
jcnd=8/8 -11 -6 
* * 
+2 * 8
+3 * 8
+4 +5 8 0 8
+3 * 8
jump=8 0xc2e2 +3 
* * 
+9 -96 1 0 0 1 0 0 1
+2 +7 1
+3 * 1 0 0 1 0 0 1
+6 * 1
+3 * 1
jump=1 0xc237 +8 
* * 
+26 +32 8
+3 * 8 0 8
cfi=(19)
cfn=(46) malloc
calls=8 0x1b4b0 50 
* * 144 24 24
* * 8 8
+5 +1 8
+3 -1 8
+3 * 8
+3 +1 8
jcnd=8/8 0xc384 +45 
* * 

fn=(50) _dl_add_to_namespace_list
0xc000 31 9 0 9 1 0 0 1
+2 * 9 0 9
+1 +2 9
+7 -2 9 0 9
+1 * 9
+3 * 9
+3 +2 9
+7 * 9 9 9
cfi=(2)
cfn=(52) rtld_lock_default_lock_recursive
calls=9 0x10e0 784 
* * 18 9 9 1 0 1 1 0 1
+6 +2 9
+4 * 9
+4 * 9
+3 * 9 9
+3 * 9
+3 * 9
jcnd=8/9 +12 +3 
* * 
+2 * 1
jump=1 +87 +10 
* * 
+7 * 36
+3 +3 36 36
+4 * 36
+3 * 36
jcnd=28/36 -10 -3 
* * 
-7 * 8 8
+4 * 8
+3 * 8
jcnd=8/8 -10 -3 
* * 
+2 +2 8 0 8
+5 +2 8 0 8
+4 +4 8
+4 +4 8
+7 -4 8
+4 * 8 0 8
+5 +1 8 8
+7 +4 8 8
+1 * 8 8
+1 -4 8 0 8
+8 +1 8
+4 +3 8 8
+2 -3 8 0 8
+7 +2 8 8
cfi=(2)
cfn=(54) rtld_lock_default_unlock_recursive
calls=8 0x10f0 790 
* * 16 8 8
-50 -4 1 0 0 1 0 0 1
+4 +4 1
+7 -4 1
+4 * 1 0 1
+5 +1 1 1
+7 +4 1 1
+1 * 1 1
+1 -4 1 0 1
+8 +1 1
+4 +3 1 1
+2 -3 1 0 1
+7 +2 1 1
cfi=(2)
cfn=(54)
calls=1 0x10f0 790 
* * 2 1 1
+9 -5 1 0 1
+3 * 1
jump=1 -62 +1 
* * 

fl=(25) /build/glibc-OTsEL5/glibc-2.27/elf/dl-hwcaps.c
fn=(68) _dl_important_hwcaps
0xf620 42 1 0 1 1 0 0 1
+1 * 1
+3 * 1 0 1
+2 * 1 0 1
+2 +1 1
+4 -1 1 0 1
+2 * 1 0 1
+2 * 1 0 1
+1 * 1
+3 * 1
+7 * 1 0 1 0 0 1 0 0 1
+4 * 1 0 1 1 0 0 1
+4 * 1 0 1
+4 +1 1
+3 * 1
+2 * 1
+5 * 1 0 1 0 0 1 0 0 1
+4 -1 1 0 1
+4 +1 1 0 1
cfi=(9)
cfn=(26)
calls=1 0x19250 373 
* * 18 4 1
+5 * 1 1
+4 +3 1
+3 * 1
+3 * 1
+3 -3 1 0 1
+4 +12 1 1
+7 * 1
+3 * 1
+2 * 1
+2 * 1 0 0 1 0 0 1
+5 * 1
+6 +1 1
+3 * 1
+3 * 1
+3 +1 1
+4 -2 1
+3 +2 1
+4 -2 1
+4 * 1
+3 * 1
+3 * 1
+3 * 1
jcnd=1/1 -33 +1 
* * 
-33 +1 1
+3 * 1
+3 * 1
+3 +1 1
+4 -2 1
+3 +2 1
+4 -2 1
+4 * 1
+3 * 1
+3 * 1
+3 * 1
+2 +10 1 1
+7 * 1
+3 * 1
jcnd=1/1 0xf900 +4 
* * 
fi=(26)
0xf7ce -37 1 0 0 1 0 0 1
+2 * 1
+7 * 1
+5 * 1
fe=(25)
+2 131 1
+2 * 1
+6 * 1
+5 * 1
+6 -2 1
+4 +17 1
+3 * 1
+4 * 1
+4 * 1 0 0 1 0 0 1
+3 * 1
+5 * 1
+4 +3 1
+3 * 1
jcnd=1/1 0xf90b -3 
* * 
0xf8ec 329 1 0 0 1 0 0 1
+4 * 1
+3 * 1 1
+1 * 1 1
+2 * 1 1
+2 * 1 1
+2 * 1 1
+2 * 1 1
+1 * 1 1
+3 69 1 0 0 1 0 0 1
+3 * 1
+3 * 1
jfi=(26)
jump=1 0xf7ce -41 
* * 
+5 +77 1
+3 +20 1
+5 -19 1
+3 +36 1
+2 * 1
+3 * 1
+4 * 1
+6 * 1
+3 * 1 0 1
+4 * 1
+3 * 1
+1 * 1
+3 * 1
+4 +1 1 1 1 0 0 1 0 0 1
+4 * 1
+4 * 1 0 0 1 0 0 1
jcnd=1/1 +97 -1 
* * 
-15 -1 1
+3 * 1
+4 +1 1 1 1
+4 * 1
+4 * 1
fi=(27) /build/glibc-OTsEL5/glibc-2.27/elf/../sysdeps/x86/dl-hwcap.h
+2 57 1
+3 * 1 0 1
+4 * 1 0 1
+4 * 1
+8 * 1
+7 * 1
fe=(25)
+3 186 1 0 1
+3 +1 1 0 1 0 0 1 0 0 1
cfi=(13)
cfn=(28)
calls=1 0x1f2f0 79 
* * 16 2 0 0 1 0 0 1
+5 +1 1 1
+4 -1 1 0 1
+4 +1 1
+5 * 1
+5 * 1
+4 -5 1 1
+4 +5 1
+3 -5 1
+4 +5 1
+3 * 1
+3 -5 1
+3 * 1
jcnd=1/1 +22 * 
* * 
+16 * 1 0 0 1 0 0 1
+4 * 1
jump=1 0xf930 * 
* * 
+2 * 1 1
+4 +8 1 1
+4 * 1
+3 * 1
+2 +2 1 0 1
+3 +1 1 1
+4 * 1 0 1
+4 * 1 0 0 1 0 0 1
+3 * 1
+4 * 1
+4 * 1
+3 +4 1
+7 +4 1
+3 -3 1 0 1
+8 -1 1 0 1
+3 +4 1
+6 * 1 1
+4 +3 1
+4 * 1 0 1
+4 * 1
+6 * 1
+3 +4 1
+3 * 1 0 0 1 0 0 1
+2 * 1
+4 +1 1
+4 -1 1
+5 * 1 0 1
+4 * 1 1
+4 * 1 0 1
+4 * 1
+5 +1 1
+2 * 1 1
+4 * 1
+4 +2 1
+3 * 1
+5 * 1
+7 +2 1 1
+3 * 1
+4 -1 1 0 0 1 0 0 1
+3 +1 1
+5 -1 1
+2 +2 1
+4 * 1
jcnd=1/1 0xfdc3 +50 
* * 
+44 +7 1
+3 * 1
+3 +6 1 0 0 1 0 0 1
+6 * 1
+2 * 1 1
+4 * 1
+3 * 1 0 1
+4 * 1 0 1
+3 * 1
+2 * 1 0 1
+6 * 1
+2 * 1 0 1
+3 * 1 0 1
+7 +1 1
+4 * 1
+4 * 1
+3 * 1 0 1
cfi=(19)
cfn=(46)
calls=1 0x1b4b0 50 
* * 18 3 3
* * 1 1
+5 +1 1
+3 -1 1
+3 +1 1 1 0 1 0 0 1
+3 * 1 1
+4 * 1
+6 +29 1
+4 * 1 0 1
+3 * 1 0 1
+4 * 1
+3 * 1
+2 * 1 0 1
+6 * 1 1
+3 * 1
+3 * 1
+2 * 1 0 1
+4 * 1 0 1
+7 * 1
+5 * 1
+3 +3 1 0 0 1 0 0 1
+4 * 1 0 1
+7 * 1
+6 * 1 1
+4 +7 1 1
+4 +10 1
+6 * 1 0 1
+7 * 1 0 1
+7 * 1 1
+7 * 1 0 1
+7 * 1 0 1
+4 * 1
+4 * 1 0 1 1 0 0 1
+4 * 1 1
+4 * 1
+5 * 1 0 1
+4 * 1
+7 -4 1 1
+4 * 1 1
+4 -3 1
+4 +3 1 0 1
cfi=(20)
cfn=(74)
calls=1 0x1f830 116 
* * 16 3 2 2 1 1 2 1 1
-12 * 1 1
+4 * 1 1
+4 -3 1
+4 +3 1 0 1
cfi=(20)
cfn=(74)
calls=1 0x1f830 116 
* * 16 3 2
+5 * 2 2
+4 * 2 0 2
+3 * 2
+4 +3 2 2
+4 * 2
jump=2 +18 +1 
* * 
+8 * 1
+4 * 1
+4 * 1
jcnd=1/1 +46 +5 
* * 
+2 +1 2 0 0 1 0 0 1
+3 * 2
+2 * 2
+2 * 2
+3 * 2
+3 * 2
jcnd=1/2 -23 -1 
* * 
+2 +1 1 1
+4 * 1 1
+3 * 1
+4 * 1 0 1
cfi=(20)
cfn=(74)
calls=1 0x1f830 116 
* * 14 3 2
+5 -2 1
+4 +2 1 0 1
+3 * 1
+4 -2 1
+2 +5 2 2
+4 * 2
+3 * 2 0 2 1 0 0 1
cfi=(20)
cfn=(74)
calls=2 0x1f830 116 
* * 28 6 4
+5 +2 2
+3 -2 2 0 2
+3 * 2
+4 +2 2
jcnd=1/2 0xfb58 -10 
* * 
+2 * 1 1
+7 * 1 1
+7 * 1 1
+7 -7 1 1
+7 * 1
+4 * 1
+2 +12 1
+4 +1 1 0 1
+7 * 1
+4 -1 1 0 0 1 0 0 1
+3 * 1
jcnd=1/1 -18 * 
* * 
-18 * 7
+4 +1 7 0 7 0 0 1 0 0 1
+7 * 7
+4 -1 7
+3 * 7
jcnd=6/7 -18 * 
* * 
+2 * 1 1
+7 * 1
+3 * 1
+2 * 1 1
+4 +5 1
+6 * 1
+3 * 1
+5 * 1
+6 * 1
+4 * 1
+3 * 1
+3 * 1
+3 * 1
+3 * 1
+3 +4 1
+4 * 1 0 0 1 0 0 1
+3 * 1
-26 -4 2
+4 * 2
+3 * 2
+3 * 2
+3 * 2
+3 * 2
+3 +4 2
+4 * 2
+3 * 2
-7 * 9
+4 * 9
+3 * 9
jcnd=5/9 +26 -1 
* * 
+2 +1 12 12
+3 -1 12
+4 +1 12
+4 * 12 0 12
+4 -2 12
+4 +1 12
+3 * 12
jcnd=5/12 -22 +1 
* * 
+2 -1 12
+4 * 12
+3 * 12
jcnd=9/12 -40 +1 
* * 
+2 * 3
+4 +4 3
+3 * 3
jcnd=2/3 -68 -7 
* * 
+2 +5 1 1
+7 -2 1 1
+6 +2 1
+5 -1 1 0 0 1 0 0 1
+4 -1 1
+3 * 1
+3 +2 1
+3 -1 1
+3 +1 1
+3 * 1
+3 * 1
+2 * 1
+8 +2 1
+4 * 1
+4 * 1
-8 * 1
+4 * 1
+4 * 1
jcnd=1/1 +96 +19 
* * 
+2 +1 1 1
+4 * 1 1
+4 +3 1
+4 * 1 0 1
+4 -6 1
+3 * 1
jcnd=1/1 -29 +2 
* * 
+2 * 1 0 0 1 0 0 1
+3 * 1
+4 * 1
+3 +13 1 1
+3 * 1 1
+4 * 1
+2 * 1
+4 * 1
+3 * 1
+4 * 1
+3 * 1 1
+4 +1 1
+4 -1 1
+3 * 1 0 1
+4 +3 1
+4 * 1
jcnd=1/1 -19 -3 
* * 
-19 -3 3 3
+4 +1 3
+4 -1 3
+3 * 3 0 3
+4 +3 3
+4 * 3
jcnd=2/3 -19 -3 
* * 
+2 +3 1 1
+4 * 1 1
+4 * 1 0 1
+3 +2 1
jump=1 0xf8ec +1 
* * 
+8 * 1 1 0 1 0 0 1
+4 -15 1
+4 * 1 0 1
+4 -6 1
+3 * 1
+2 * 1
jump=1 -90 * 
* * 
0xfdc3 -42 1 0 0 1 0 0 1
+5 * 1
jump=1 0xfa79 -43 
* * 

fl=(23)
fn=(64)
0x1d010 78 1 0 0 1 0 0 1
+5 * 1
+2 * 1
+6 * 1
+2 +1 1 1

fl=(52)
fn=(166)
0x17840 72 1 0 1 1 0 0 1
+2 * 1 0 1
+2 * 1
+3 * 1 0 1
+2 * 1 0 1
+2 * 1 0 1
+1 * 1 0 1
+1 * 1
+3 * 1
+4 +1 1
+3 * 1
+6 * 1
+3 * 1
+3 * 1 0 1
cfi=(13)
cfn=(28)
calls=1 0x1f2f0 +6 
* * 16 2
+5 * 1
+4 +3 1
+3 * 1 0 1
cfi=(13)
cfn=(28)
calls=1 0x1f2f0 +3 
* * 34 5 0 0 2 0 0 2
+5 * 1
+4 +1 1
+4 * 1 0 1 1 0 0 1
cfi=(19)
cfn=(46)
calls=1 0x1b4b0 -27 
* * 18 3 3
* * 1 1
+5 +1 1
+3 -1 1
+3 +1 1
+2 +3 1
+3 * 1
+3 * 1
+3 * 1 0 1
cfi=(20)
cfn=(74)
calls=1 0x1f830 +35 
* * 12 3 2
+5 * 1
+3 * 1
+3 * 1
+3 * 1 0 1
cfi=(20)
cfn=(48)
calls=1 0x1f840 +48 
* * 10 3 2 0 0 1 0 0 1
+5 * 1 0 1
+4 -21 1 1
+7 +24 1 0 1
+4 -23 1
+3 * 1
+2 * 1 1
+7 * 1 0 0 1 0 0 1
+2 +5 1 0 1
+8 +23 1
+4 * 1 1
+1 * 1 1
+1 * 1 1
+2 * 1 1
+2 * 1 1
+2 * 1 1
+2 * 1 1

fl=(2)
fn=(54)
0x10f0 790 9 0 9
+4 +1 9 9

fn=(2) _dl_start
0x1ea0 444 1 0 1 1 0 0 1
+1 * 1
+3 * 1 0 1
+2 * 1 0 1
+2 * 1 0 1 0 0 1 0 0 1
+2 * 1 0 1
+2 * 1
+3 * 1 0 1
+1 * 1
+4 +19 1
+2 * 1
+4 * 1
+2 * 1
fi=(3) /build/glibc-OTsEL5/glibc-2.27/elf/get-dynamic-info.h
+3 48 1 1 0 1 1 0 1 1
fe=(2)
+7 463 1 0 1 0 0 1 0 0 1
fi=(5) /build/glibc-OTsEL5/glibc-2.27/elf/../sysdeps/x86_64/dl-machine.h
+7 59 1
+7 * 1
+3 * 1 1 0 0 1 0 0 1
fi=(3)
+7 -11 1
fe=(2)
+3 489 1 0 1 0 0 1 0 0 1
+7 -3 1 0 1 0 0 1 0 0 1
fi=(3)
+7 48 1
+6 +25 1
+7 * 1 0 0 1 0 0 1
+10 -3 1
+10 -7 1
+6 +5 1
+6 +3 1
+5 +2 1
+3 -6 1
+6 +3 1
+3 -3 1
+7 * 1
jump=1 +39 -17 
* * 
+12 -3 4
+5 * 4
+3 * 4
+3 * 4 0 4 0 0 2 0 0 2
+4 +10 4
+4 -26 4 4 0 0 1 0 0 1
+3 * 4
+3 * 4
jcnd=1/4 +55 +33 
* * 
-14 +16 13 0 13 0 0 3 0 0 3
+4 +10 13
+4 -26 13 13 0 0 4 0 0 4
+3 * 13
+3 * 13
-10 +26 1
+4 -26 1 1
+3 * 1
+3 * 1
+2 +2 18 0 0 1 0 0 1
+4 * 18
jcnd=13/18 -20 +14 
* * 
+2 +13 5
+3 * 5
+3 * 5
+4 * 5
jcnd=4/5 -43 +1 
* * 
+2 +2 1
+3 * 1
+2 * 1
+3 * 1
jcnd=1/1 0x2290 +3 
* * 
+27 +16 1 0 0 1 0 0 1
+3 * 1
+6 +20 1 1
+7 * 1
+3 * 1
+2 * 1 0 1
+4 +1 1 1
+7 * 1
+3 * 1
+2 * 1 0 1
+4 +1 1 1
+7 * 1 0 0 1 0 0 1
+3 * 1
+2 * 1 0 1
+4 +1 1 1
+7 * 1
+3 * 1
+2 * 1 0 1
+4 +2 1 1
+7 * 1
+3 * 1
+2 * 1 0 1
+4 +5 1 1
+7 * 1
+3 * 1
+2 * 1 0 1
+4 +1 1 1
+7 * 1 0 0 1 0 0 1
+3 * 1
+2 * 1 0 1
+4 +1 1 1
+7 * 1
+3 * 1
+2 * 1 0 1
+4 +6 1 1
+7 * 1
+3 * 1
+2 +5 1 1
+5 * 1
+6 +7 1 1
+7 * 1
+3 * 1
+2 +1 1 1 0 1 0 0 1
+7 * 1 1
+5 * 1
+6 +8 1 1
+7 * 1
+3 * 1
jcnd=1/1 +16 +3 
* * 
+16 +3 1 1 0 0 1 0 0 1
+7 * 1
+3 * 1
jcnd=1/1 +16 +4 
* * 
+16 +4 1 1 0 1 0 0 1
+8 * 1
+6 +1 1 1
+8 * 1
fe=(2)
+6 500 1
+3 * 1
jcnd=1/1 0x2160 +5 
* * 
+20 393 1
+7 507 1 0 1 1 0 1 1 0 1
+7 393 1 0 1 0 0 1 0 0 1
cfi=(6) /build/glibc-OTsEL5/glibc-2.27/elf/dl-lookup.c
cfn=(10) _dl_setup_hash
calls=1 0xbf50 939 
* * 23 7 6 2 1 1 2 1 1
+5 +1 1
+7 * 1 0 1
+7 +1 1
+7 * 1 0 1
+7 +1 1
+7 * 1 0 1
+7 +1 1
+7 * 1 0 1 0 0 1 0 0 1
+7 +8 1 0 0 1 0 0 1
+2 +9 1
+7 -9 1
+4 * 1
+2 * 1
+3 +9 1
+3 -6 1 0 1
+7 -3 1 0 1
+7 +9 1 0 1
cfi=(7) /build/glibc-OTsEL5/glibc-2.27/elf/../elf/dl-sysdep.c
cfn=(12) _dl_sysdep_start
calls=1 0x1a8e0 88 
* * 105713 22459 8885 480 368 517 480 353 515
+61 +91 1 0 0 1 0 0 1
+3 * 1
+6 * 1 1
+4 * 1 1
+7 * 1 1
+7 * 1 1
+4 * 1 0 0 1 0 0 1
+3 * 1
+3 * 1
+3 * 1
+4 * 1
+2 * 1 1
+4 * 1
+4 * 1
+4 * 1
+3 * 1
+2 * 1 1
+7 * 1 1
+7 * 1 1
+4 * 1 1
+4 * 1
+3 * 1
+3 * 1
+3 * 1 0 0 1 0 0 1
+3 * 1
+4 * 1
+4 * 1
fi=(4) /build/glibc-OTsEL5/glibc-2.27/elf/do-rel.h
+3 84 1 1
+7 +27 1
+3 -28 1 1
+4 +28 1
+2 * 1
+4 +1 1 1 0 0 1 0 0 1
+3 * 1
fi=(5)
+3 540 1 1
+4 * 1
fi=(4)
-10 112 38 38 0 0 4 0 0 4
+3 * 38
fi=(5)
+3 540 38 38 0 0 5 0 0 5
+4 * 38
+6 +1 39 39 0 0 5 0 0 5
fi=(4)
+4 111 39
fi=(5)
+4 541 39
fi=(4)
+3 111 39
fi=(5)
+3 541 39 0 39 1 0 21 1 0 21
fi=(4)
+3 111 39
jcnd=38/39 -33 +1 
* * 
+2 +5 1 1
+8 * 1
+6 +8 1
fi=(5)
+3 335 1
+7 +87 1
fi=(4)
+7 124 1
+6 * 1
+8 +12 1 1
+4 +3 1 1
+4 -3 1
+3 +3 1
+3 -3 1 0 0 1 0 0 1
fi=(5)
+4 301 1
fi=(4)
+3 137 1
fi=(5)
+4 301 1
fi=(4)
+3 137 1
fi=(5)
+4 301 1
fi=(4)
-32 136 8 8 0 0 2 0 0 2
+4 +3 8 8
+4 -3 8
+3 +3 8
+3 -3 8
fi=(5)
+4 301 8
fi=(4)
+3 137 8
fi=(5)
+4 301 8
fi=(4)
+3 137 8
fi=(5)
+4 301 8
+2 +9 9
+2 * 9
+3 * 9
+2 +3 9 9 0 0 7 0 0 7
+5 -3 9 9 0 0 1 0 0 1
+4 * 9 9
+7 +3 9
+3 * 9
+3 * 9
+6 +22 9
+4 * 9
+4 * 9
+2 * 9 9 0 0 1 0 0 1
+4 * 9
+3 * 9
jump=9 +90 +19 
* * 
fi=(3)
+10 68 1 0 0 1 0 0 1
+3 * 1
+3 * 1
+4 * 1
jcnd=1/1 0x2320 +3 
* * 
fi=(4)
+46 +56 9
+4 * 9
+3 * 9
jcnd=8/9 0x2230 +12 
* * 
+6 * 1
jfi=(2)
jump=1 0x20b5 393 
* * 
fi=(5)
+11 354 9 9 0 1 1 0 1 1
+4 * 9 0 9 0 0 2 0 0 2
+3 * 9
jfi=(4)
jump=9 -31 124 
* * 
fi=(3)
+57 71 1 0 0 1 0 0 1
+3 * 1
+3 * 1
+4 * 1
+6 +1 1
+3 +1 1 0 1 0 0 1 0 0 1
+4 * 1
jump=1 0x1f4f +1 
* * 
fe=(2)

fn=(112)
0x12e0 588 1 0 1 1 0 0 1
+1 +2 1 1
+4 -2 1
+3 +3 1 1
+3 * 1 1
+4 -1 1
+2 * 1
+7 * 1
+3 +1 1
+3 * 1
+2 * 1 0 1 1 0 0 1
cfi=(24) /build/glibc-OTsEL5/glibc-2.27/elf/dl-load.c
cfn=(114) _dl_map_object
calls=1 0x8e00 2080 
* * 2173 467 253 81 20 33 81 20 33
+5 * 1 0 1
+4 +2 1 1
+1 * 1 1

fn=(52)
0x10e0 784 9 0 9 1 0 1 1 0 1
+4 +1 9 9

fn=(32) dl_main
0x2660 870 1 0 1 1 0 0 1
+1 +17 1
+7 -17 1
+3 * 1 0 1
+2 * 1 0 1
+2 * 1 0 1
+2 * 1 0 1
+2 * 1
+3 * 1 0 1
+1 * 1
+3 * 1
+3 * 1 0 0 1 0 0 1
+7 +17 1 0 1 0 0 1 0 0 1
+7 +4 1
+7 -21 1 0 1 0 0 1 0 0 1
+6 2471 1 1
+6 891 1 0 1 0 0 1 0 0 1
+7 +1 1
+7 2466 1 0 1
+10 892 1 0 1
+7 +5 1 0 0 1 0 0 1
+7 2471 1
+2 897 1 0 1
+7 2464 1 1
+7 * 1 0 1 0 0 1 0 0 1
+7 +7 1
+7 * 1
+4 * 1
+4 -4 1
+3 +4 1 0 1
+7 * 1
+7 * 1 0 1 1 0 0 1
+7 +2 1 1
+7 * 1 0 1 0 0 1 0 0 1
cfi=(15) /build/glibc-OTsEL5/glibc-2.27/elf/dl-environ.c
cfn=(34) _dl_next_ld_env_entry
calls=1 0x1b3f0 29 
* * 66 24 1 2 0 0 2
-7 * 2 2
+7 * 2 0 2
cfi=(15)
cfn=(34)
calls=2 0x1b3f0 29 
* * 482 167 1
+5 * 3
+3 * 3
+3 * 3
jcnd=1/3 0x2ab8 2635 
* * 
+6 +4 2 2
+3 * 2
+3 * 2
+2 -2 2
+2 +2 2
+2 * 2
jcnd=2/2 +15 +1 
* * 
+10 * 19
+3 * 19
jcnd=2/19 +15 +3 
* * 
+2 +1 19
+4 -1 19 19
+5 * 19
+2 * 19 0 0 1 0 0 1
jcnd=19/19 -16 * 
* * 
+2 +3 2
+3 * 2
+2 +6 2
+4 * 2
+4 * 2
+2 * 2
+7 * 2 2 0 0 1 0 0 1
+4 * 2
+3 * 2
jump=1 0x2a10 +21 
* * 
jump=1 0x28f0 +76 
* * 
0x28f0 +76 1 1 0 1 0 0 1
+6 * 1
+2 * 1
+6 +1 1 0 0 1 0 0 1
+7 * 1
+5 * 1
+3 * 1 0 1
cfi=(16) /build/glibc-OTsEL5/glibc-2.27/string/../sysdeps/x86_64/memcmp.S
cfn=(36) bcmp
calls=1 0x1ecd0 24 
* * 31 5 0 5 1 0 5 1
+5 * 1
+2 * 1
jcnd=1/1 0x55cc +2 
* * 
0x2a10 -56 1 1 0 1 0 0 1
+7 * 1
+6 +7 1
+7 * 1
+5 * 1
+3 * 1 0 1
cfi=(16)
cfn=(36)
calls=1 0x1ecd0 24 
* * 36 7 0 0 1 0 0 1
+5 * 1
+2 * 1
+6 +2 1
+4 * 1 0 1 1 0 0 1
+7 * 1
jump=1 0x2702 -43 
* * 
0x2ab8 2635 1 1 0 1 0 0 1
+6 * 1
+2 * 1 0 0 1 0 0 1
+6 +32 1 1
+6 * 1
+2 * 1
jcnd=1/1 +11 907 
* * 
+11 907 1
+7 * 1 1
+4 * 1
jcnd=1/1 0x2eab 1108 
* * 
0x2eab 1108 1 0 0 1 0 0 1
+7 * 1
+3 * 1
+2 * 1
+2 * 1
+6 * 1 0 0 1 0 0 1
+3 * 1 0 1
cfi=(17)
cfn=(38)
calls=1 0xc090 59 
* * 230 26 51 21 2 14 21 2 14
+5 +2 1
+3 -2 1
+3 +2 1
+6 +1 1 0 1
+7 +1 1 1
+7 +5 1
+2 * 1
+3 -5 1 0 1
+8 +1 1 1
+4 * 1 0 1
+7 +4 1 0 1
cfi=(17)
cfn=(50)
calls=1 0xc000 31 
* * 33 9 10 3 0 1 3 0 1
+5 +1 1 1 0 1 0 0 1
+7 * 1
+6 879 1
+3 1147 1 1
+6 -3 1 0 1
+8 -5 1 0 1
+11 +1 1 0 1
+11 +2 1 0 1
+11 +5 1 0 0 1 0 0 1
+8 * 1
+3 * 1
+4 * 1
+3 * 1
+6 +56 1 1
+7 * 1
+3 876 1
+3 1166 1
+7 +22 1
+7 +15 1
+3 * 1
jump=1 +42 -55 
* * 
+2 -55 5
+3 * 5
jcnd=1/5 0x38c6 +9 
* * 
+6 * 4
+3 * 4
jcnd=1/4 0x389c +19 
* * 
+6 * 3
+3 * 3
jcnd=2/3 0x3950 +55 
* * 
+6 -1 9
+4 * 9
+3 * 9
jcnd=1/9 0x3034 1250 
* * 
+6 +1 9 9 0 1 5 0 1 5
+2 * 9
+3 * 9
jcnd=1/9 0x3900 +4 
* * 
+6 * 8
jcnd=5/8 -51 * 
* * 
+2 * 3
+6 * 3
jcnd=1/3 0x39cb +91 
* * 
+6 * 2
+6 * 2 0 0 1 0 0 1
jcnd=1/2 0x39b0 +95 
* * 
+6 * 1
+3 * 1
jcnd=1/1 -53 -1 
* * 
0x3034 1250 1 1 0 1 1 0 1 1
+7 * 1
+3 * 1
jcnd=1/1 +12 +3 
* * 
+12 +3 1 1 0 1 0 0 1
+8 * 1
jcnd=1/1 +13 +2 
* * 
+13 +2 1 1
+8 * 1
jcnd=1/1 +13 +2 
* * 
+13 +2 1 1
+7 * 1
+3 * 1 0 0 1 0 0 1
+6 +13 1 1
+7 * 1
+3 * 1
+2 +3 1 1
+4 * 1 1
+7 -2 1 1
+3 +2 1 1
+4 -2 1
+3 * 1 0 1
+7 * 1 0 1
cfi=(21)
cfn=(56)
calls=1 0x1d360 144 
* * 50 6 0 5 2 0 5 2
+5 * 1
+2 * 1
+2 +7 1 0 1
+11 +3 1 1 0 1 0 0 1
+5 -5 1 1
+7 +3 1 0 1
+10 -3 1 0 1
+7 +5 1
+6 +1 1
+7 * 1 0 1
+4 +4 1 1
+7 * 1
+6 +2 1
+3 * 1 0 0 1 0 0 1
fi=(3)
+6 33 1 1
+4 +9 1
+3 * 1
+6 +6 1 1 0 0 1 0 0 1
+3 -2 1
+4 +2 1
+3 * 1
+2 +15 1
+6 +5 1
+6 +3 1
+5 +2 1
+10 -3 1 0 0 1 0 0 1
+10 -3 1
+5 -3 1
+6 -14 1
+4 * 1
jcnd=1/1 +27 +14 
* * 
-4 * 41
+4 * 41
jcnd=35/41 +27 +14 
* * 
+2 +13 6
+3 * 6
+3 * 6
+4 * 6
jcnd=1/6 0x390f +2 
* * 
+6 +1 5
+3 * 5
+3 * 5
+3 * 5 0 5 0 0 2 0 0 2
+4 +10 5
+4 -26 5 5 0 0 1 0 0 1
+3 * 5
+3 * 5
jcnd=4/5 -45 +2 
* * 
-14 +16 36 0 36 0 0 4 0 0 4
+4 +10 36
+4 -26 36 36 0 0 10 0 0 10
+3 * 36
+3 * 36
jcnd=36/36 -45 +2 
* * 
-10 +26 1
+4 -26 1 1
+3 * 1
+3 * 1
jcnd=1/1 -45 +2 
* * 
+2 +33 1 1
+3 * 1 0 0 1 0 0 1
+3 * 1
+2 +20 1 1
+4 * 1
+3 * 1
jcnd=1/1 +6 +1 
* * 
+6 +1 1 1
+4 * 1
+3 * 1
+2 * 1 0 1
+4 +1 1 1
+4 * 1
+3 * 1
+2 * 1 0 1
+4 +1 1 1
+4 * 1
+3 * 1
+2 * 1 0 1
+4 +2 1 1
+4 * 1
+3 * 1 0 0 1 0 0 1
+2 * 1 0 1
+4 +5 1 1
+7 * 1
+3 * 1
+2 * 1 0 1
+4 +1 1 1
+7 * 1
+3 * 1
+2 * 1 0 1
+4 +1 1 1
+7 * 1
+3 * 1
+2 * 1 0 1
+4 +6 1 1
+7 * 1
+3 * 1 0 0 1 0 0 1
+2 +5 1 1
+5 * 1
+6 +7 1 1
+5 * 1
+2 +1 1 1
+7 * 1 1
+5 * 1
+6 +18 1 1
+7 * 1
+3 * 1
+2 +5 1 1
+4 +2 1
+3 -2 1 0 1 0 0 1 0 0 1
+7 +2 1 0 0 1 0 0 1
jcnd=1/1 +9 +2 
* * 
+9 +2 1
+3 * 1
jcnd=1/1 +9 +2 
* * 
+9 +2 1
+3 * 1
+2 +1 1 0 1
+7 +2 1 1
+7 * 1
+3 * 1
+2 +10 1 1
+7 -8 1 1
+4 * 1
+2 * 1 0 1
+7 +8 1 0 0 1 0 0 1
+6 +5 1
+3 * 1
+2 +1 1 1
+7 * 1 0 1
+7 +2 1 1
+8 * 1
jfi=(2)
jcnd=1/1 +13 1293 
* * 
fe=(2)
+13 1293 1
+3 * 1 0 1
cfi=(6)
cfn=(10)
calls=1 0xbf50 939 
* * 23 7 6 0 1 0 0 1
+5 +3 1 1
+7 * 1 0 0 1 0 0 1
fi=(22) /build/glibc-OTsEL5/glibc-2.27/elf/setup-vdso.h
+6 24 1 1
+8 * 1
jfi=(2)
jcnd=1/1 0x37f3 1312 
* * 
fe=(2)
0x377d 1318 1 0 1 1 0 0 1
cfi=(11)
cfn=(62)
calls=1 0x1b210 45 
* * 87 13 4 5 1 1 5 1 1
+5 * 1
+2 * 1
+7 * 1
+2 * 1 1
+6 * 1
+2 * 1
+6 * 1 0 1
+6 * 1
+5 * 1
jcnd=1/1 0x3c1a +5 
* * 
+77 -6 1 0 0 1 0 0 1
+7 * 1 0 1 1 0 0 1
+7 * 1
+4 * 1 0 1
+7 * 1
jump=1 0x377d +6 
* * 
0x389c 1167 1 1 0 1 0 0 1
+3 * 1 1 0 0 1 0 0 1
+4 +9 1 1
+8 -7 1 0 1
+7 -3 1 0 1 0 0 1 0 0 1
+3 +10 1
+6 +18 1 0 0 1 0 0 1
+6 * 1
jump=1 0x2f90 -47 
* * 
+5 -37 1 1
+3 * 1 1
+4 * 1 0 1
+4 +1 1
jump=1 0x2f90 -11 
* * 
+47 -6 1 0 0 1 0 0 1
+3 * 1 1
+4 * 1 0 1
+3 +1 1
jump=1 0x2f90 -6 
* * 
fi=(3)
+5 65 1
+3 * 1
+2 * 1
+3 * 1
jcnd=1/1 +15 +3 
* * 
+15 +3 1
+3 * 1
+3 * 1
+4 * 1
jcnd=1/1 0x3b4e +3 
* * 
fe=(2)
+32 1203 2 2 0 1 1 0 1 1
+4 -1 2 2
+3 +1 2
+3 * 2
+3 -1 2
+3 +2 2 2
+7 * 2
jcnd=1/2 +9 +4 
* * 
+2 +1 1 0 1
+7 +3 1 1
+4 * 1
+3 +1 1 1
+7 * 1
-14 -1 1 1 0 0 1 0 0 1
+4 * 1
+3 +1 1 1
+7 * 1
+2 +1 2 0 2 1 0 0 1
+7 +1 2 2
+4 * 2
jcnd=1/2 0x2f90 -64 
* * 
+6 * 1 1
+7 * 1
+6 +1 1 0 1
+7 * 1
jump=1 0x2f90 -65 
* * 
+11 +31 1 1
+4 * 1 0 1
+7 +1 1 1
+4 * 1 0 1
+7 +1 1
jump=1 0x2f90 -98 
* * 
+5 -6 1 1 0 1 0 0 1
+3 * 1 0 1
+6 +1 1
jump=1 0x2f90 -93 
* * 
fi=(3)
0x3b4e 71 1 0 0 1 0 0 1
+3 * 1
+3 * 1
+4 * 1
+6 +1 1
+4 +1 1
+3 * 1 0 1
+4 * 1
jump=1 0x3170 +1 
* * 
fe=(2)
0x3c1a 1323 1 1 0 1 0 0 1
+7 * 1 0 1
cfi=(24)
cfn=(66) _dl_init_paths
calls=1 0x8a40 623 
* * 5727 1212 417 82 6 25 82 6 25
+5 +3 1 1
+7 * 1
+2 * 1 0 1
cfi=(31) /build/glibc-OTsEL5/glibc-2.27/elf/dl-debug.c
cfn=(92) _dl_debug_initialize
calls=1 0x10db0 49 
* * 17 4 4 3 0 0 3
+5 +7 1 1
+8 -7 1 0 1 1 0 0 1
+7 +2 1 0 1
+7 +5 1
+2 +3 1 1
+7 * 1 1
+3 * 1 0 1
+7 +1 1 1
+7 +3 1 0 1
+7 -3 1
+3 * 1
+3 * 1 0 1
+6 +1 1 1
+7 * 1 0 1 1 0 0 1
+4 +3 1 0 1
+8 +5 1 1
+8 -7 1 0 1
+7 +7 1
+2 +1 1
+2 * 1 1
+4 * 1
+3 * 1
+3 * 1 0 1
+7 +17 1 1 0 0 1 0 0 1
+8 * 1
+6 +1 1 1 0 1 0 0 1
+8 * 1
+6 +5 1 1
+7 -3 1
+7 * 1 1
+7 * 1
+4 +2 1 0 1
+7 +1 1 0 1
+7 * 1
+5 +5 1
+2 * 1
jump=1 +27 * 
* * 
+8 +1 1
+3 * 1
+4 * 1
+4 * 1 1 0 0 1 0 0 1
+6 * 1
jcnd=1/1 +53 +2 
* * 
+2 -1 1 0 0 1 0 0 1
+3 * 1
jcnd=1/1 -22 +1 
* * 
+48 +3 1 1 0 1 0 0 1
+4 * 1 0 1 0 0 1 0 0 1
+7 +1 1 1
+4 * 1 0 1
+7 +5 1 1 0 0 1 0 0 1
+8 * 1
jcnd=1/1 +14 +6 
* * 
+14 +6 1 1
+8 * 1 0 0 1 0 0 1
+7 * 1 1
+3 * 1
+6 +1 1
+3 -2 1 0 1
+7 885 1 0 1
+11 1391 1
+6 1570 1 0 1
cfi=(32) /build/glibc-OTsEL5/glibc-2.27/elf/../elf/dl-tls.c
cfn=(94) _dl_count_modids
calls=1 0x12e40 113 
* * 4 3 0 1 1 0 1 1
+5 * 1 0 1
+7 +8 1 1
+7 * 1
+3 * 1
+2 +3 1 1 0 1 0 0 1
+7 * 1 0 1
+4 +4 1 1
+7 * 1
+3 * 1
jcnd=1/1 +13 +5 
* * 
+13 +5 1 1
+7 * 1 0 1
+7 +1 1 0 1
cfi=(31)
cfn=(96) _dl_debug_state
calls=1 0x10da0 74 
* * 1 1
+5 +1 1
+1 +4 1 1
+7 * 1
+6 +15 1 1 0 1 0 0 1
+7 * 1 1
+4 * 1
+6 +4 1 1
+7 -2 1
+2 +2 1
+3 * 1
+2 +2 1
+2 * 1
+4 * 1
+2 +1 1
+3 -1 1
+3 * 1
+3 +1 1 0 1
cfn=(98) handle_ld_preload
calls=1 0x24a0 837 
* * 2566 615 338 98 21 42 98 21 42
+5 * 1
+2 +1 1
+2 * 1
+4 * 1
+2 * 1 0 0 1 0 0 1
+3 +2 1
+3 * 1 0 1
+7 +10 1
+7 * 1
+5 * 1 0 1
cfi=(47) /build/glibc-OTsEL5/glibc-2.27/io/../sysdeps/unix/sysv/linux/access.c
cfn=(144) access
calls=1 0x1ce20 27 
* * 8 1 1 2 0 0 2
+5 * 1
+2 * 1
+6 +77 1 1
+7 -96 1
+2 +96 1 1
+3 * 1
+3 * 1
jcnd=1/1 0x4b5b +4 
* * 
+6 +17 1
+2 * 1
+2 * 1 0 0 1 0 0 1
+4 +1 1
+3 -1 1
+3 +1 1 1
+7 * 1
+3 -1 1
+3 +1 1
+2 * 1
+4 * 1
+3 * 1
+3 * 1 0 1
cfi=(48)
cfn=(146) _dl_map_object_deps
calls=1 0xe410 159 
* * 62276 13454 7821 150 232 411 150 217 409
0x4b5b -14 1 0 0 1 0 0 1
+2 * 1
+8 * 1
+4 * 1
+4 * 1
+3 +1 1
+2 -1 1
+5 * 1
+4 * 1
+3 +4 1
+2 * 1 0 0 1 0 0 1
+3 * 1 0 1
+4 +1 1 1
+4 +1 1
+3 * 1
+2 +1 1
+2 * 1
jcnd=1/1 0x3e7a +6 
* * 
0x55cc 2565 1 0 0 1 0 0 1
+4 * 1 0 1 0 0 1 0 0 1
+7 * 1
jump=1 0x2702 -92 
* * 

fn=(98)
0x24a0 837 1 0 1 1 0 0 1
+2 * 1 0 1
+2 * 1
+3 * 1 0 1
+2 * 1 0 1
+2 * 1
+3 * 1 0 1
+1 * 1 0 1
+1 +1 1
+2 -1 1
+7 -75 1
+5 +86 1 0 0 1 0 0 1
+5 -86 1
+5 * 1 0 1 0 0 1 0 0 1
+4 * 1
+5 * 1 0 1
+5 +80 1 1
+5 * 1
+6 +3 1
+7 * 1
+3 * 1 0 1
cfi=(33) /build/glibc-OTsEL5/glibc-2.27/string/../sysdeps/x86_64/strcspn.S
cfn=(100) strcspn
calls=1 0x1f790 30 
* * 218 100 34 2 1 4 2 1 4
+5 * 1
+3 +1 1
+4 * 1
+6 * 1 0 0 1 0 0 1
jcnd=1/1 0x25a8 +2 
* * 
+11 +9 1
+3 121 1 1
+6 857 1 1
+5 * 1
+4 121 1
+2 * 1
+6 859 1 1
+5 * 1
+2 -97 1 1
+4 * 1 1
+5 * 1
+5 * 1
+7 * 1 0 0 1 0 0 1
+3 -10 1 0 1
+9 +4 1 0 1
+5 +1 1 0 1
+5 +1 1 0 1
+8 +2 1 1
+7 +2 1 0 1
cfi=(34)
cfn=(104)
calls=1 0x1bcc0 213 
* * 2261 492 284 90 20 35 90 20 35
* * 1 1
+5 +1 1 1
+5 * 1
+3 * 1
+6 +8 1
+2 * 1 1
+7 * 1
+3 * 1
+2 +71 1 1
+5 * 1
+6 +21 1
+7 * 1
+2 * 1 1
+1 * 1 1
+1 * 1 1
+2 * 1 1
+2 * 1 1
+2 * 1 1
+2 * 1 1
+6 -15 1 0 0 1 0 0 1
+3 * 1
+3 * 1
+3 * 1 0 1
cfi=(20)
cfn=(48)
calls=1 0x1f840 129 
* * 18 5 4 0 0 2 0 0 2
+5 +1 1 0 1
+6 * 1 0 0 1 0 0 1
jump=1 0x2508 +6 
* * 

fl=(8) /build/glibc-OTsEL5/glibc-2.27/elf/../sysdeps/x86/cpu-features.c
fn=(24) get_common_indeces.constprop.1
0x1a660 34 1 0 1 1 0 0 1
+1 * 1
+7 +4 1
+3 * 1
+2 * 1
+3 * 1
+3 +3 1
+5 * 1
+2 * 1 0 1
+6 +4 1 0 0 1 0 0 1
+2 -4 1 0 1
+6 +4 1
+3 -4 1 0 1
+6 +3 1 0 1
+6 +1 1
+3 * 1 0 1
+2 +1 1
+2 * 1
+3 * 1
+3 * 1 0 1
+2 +1 1
+2 * 1
+3 * 1
+6 * 1 0 1
+3 +1 1
+2 * 1
+3 * 1 0 1
+3 +1 1 1
+3 * 1 0 0 1 0 0 1
+6 +7 1 1
+7 * 1
+2 +1 1
+5 * 1
+2 * 1
+2 * 1 0 1
+6 * 1 0 1
+6 * 1 0 1
+6 * 1 0 1
+6 +7 1 1
+6 * 1
+6 * 1 0 0 1 0 0 1
+6 +4 1
+2 * 1
+3 +2 1
+2 * 1
+3 * 1
+3 * 1
jcnd=1/1 0x1a848 +4 
* * 
+6 +40 1 1
+7 * 1
+6 +4 1
+5 * 1
+2 * 1
+2 * 1
+2 +1 1
+2 * 1
+6 +3 1
+3 +7 1
+5 -8 1
+3 +4 1 0 0 1 0 0 1
+2 +2 1 0 1
+6 -2 1 0 1
+7 +4 1
+2 * 1
+2 +3 1
+2 * 1
jcnd=1/1 0x1a824 +50 
* * 
0x1a824 +50 1 0 0 1 0 0 1
+7 * 1 1
+1 * 1 1
+28 74 1 0 0 1 0 0 1
+6 * 1
+2 +3 1 1 0 0 1 0 0 1
+6 * 1
+2 * 1
+3 +3 1 1
+7 -3 1 0 1
+6 +3 1
+2 +2 1
+6 * 1
+2 * 1 0 1
+6 +2 1
+6 * 1
jcnd=1/1 +74 +2 
* * 
+2 +7 1 0 0 1 0 0 1
+5 * 1
+5 * 1
jcnd=1/1 0x1a714 +19 
* * 
+62 -5 1
+3 * 1 0 1
+6 * 1
jump=1 -81 +5 
* * 

fl=(9)
fn=(26)
0x19250 373 12 0 0 1 0 0 1
+2 * 12
+7 * 12
+8 * 12
+3 * 12
+4 * 12 12
+4 +4 12 12
+4 -4 12
+4 * 12
jcnd=1/12 +12 +4 
* * 
+2 * 11
+4 * 11
jcnd=11/11 +6 +4 
* * 
+6 +4 12 0 12 1 0 0 1
+3 +22 12
+8 * 12
+3 * 12
+4 * 12 12
+5 * 12
jcnd=12/12 +17 +2 
* * 
+17 +2 12 12

fn=(16) __GI___tunables_init
0x18c50 289 1 0 1 1 0 0 1
+2 * 1 0 1 0 0 1 0 0 1
+2 * 1
+3 * 1 0 1
+2 * 1 0 1
+2 * 1 0 1
+1 * 1 0 1
+1 * 1
+4 -9 1 1
+6 * 1
+2 * 1
jcnd=1/1 +39 150 
* * 
+39 150 1 0 0 1 0 0 1
+5 * 1 0 1 0 0 1 0 0 1
+5 * 1
+5 * 1 0 1
+5 -82 1
+3 * 1
+6 * 84 84
+3 * 84
+3 * 84
jcnd=1/84 0x18dca 364 
* * 
+6 +6 83 83 0 0 29 0 0 29
+3 -3 83
+4 +3 83 0 0 1 0 0 1
+3 * 83
+6 * 83
+4 * 83
+6 * 83
+5 * 83
jump=83 +16 * 
* * 
+8 * 994
+3 * 994
jcnd=83/994 +17 +4 
* * 
+2 * 911
+3 * 911 911 0 0 13 0 0 13
+4 * 911
+4 * 911
+2 * 911
jcnd=911/911 -18 * 
* * 
-10 * 83 83 0 0 1 0 0 1
+4 * 83
+4 * 83
+2 * 83
jcnd=83/83 -18 * 
* * 
+2 +4 83
+2 * 83
+6 +5 83
+4 297 83 0 0 1 0 0 1
+3 83 83
+4 297 83
fi=(10) /build/glibc-OTsEL5/glibc-2.27/elf/dl-tunables.h
+6 121 83
+4 * 83
jfi=(9)
jcnd=73/83 +58 330 
* * 
+2 -1 10
+4 * 10
+7 * 10
+5 * 10
+5 * 10 10
+3 +1 10
+2 * 10
jfi=(9)
jcnd=8/10 +30 330 
* * 
-5 -1 8 8
+3 +1 8
+2 * 8
jfi=(9)
jcnd=2/8 +30 330 
* * 
+2 * 8
+2 * 8
+2 -1 8
+4 * 8 8 0 0 1 0 0 1
+3 * 8
+4 * 8
+2 * 8
jcnd=8/8 -24 * 
* * 
fe=(9)
+11 330 83 83 0 1 0 0 1
+7 * 83
+7 * 83
+3 * 83
+4 -12 83 83
+3 * 83
-3 * 1743 1743
+3 * 1743
+2 * 1826 1826
+4 * 1826
+3 * 1826
jcnd=1079/1826 +68 -6 
* * 
fi=(10)
+2 120 747 747 0 0 7 0 0 7
+4 * 747 747
+3 * 747
+2 * 747
+2 +1 747
+2 * 747
+2 * 747
+2 * 747
jfi=(9)
jcnd=715/747 +49 312 
* * 
+2 * 32
+3 * 32
+3 * 32
jump=32 +18 -1 
* * 
+9 * 52
+3 * 52
jfi=(9)
jcnd=32/52 +29 312 
* * 
+2 * 20
+2 * 20
+2 -1 52
+4 * 52 52
+3 * 52
+4 * 52 52
+3 * 52
+3 * 52
jcnd=52/52 -26 +1 
* * 
fe=(9)
+6 312 1826 0 0 1 0 0 1
+4 * 1826
+4 * 1826
+4 * 1826
jcnd=1743/1826 -92 +6 
* * 
+2 * 83 0 0 1 0 0 1
+3 68 83
+3 * 83
jcnd=83/83 0x18cad * 
* * 
+6 364 1
+4 * 1 1
+1 * 1 1
+1 * 1 1
+2 * 1 1
+2 * 1 1
+2 * 1 1
+2 * 1 1

fl=(33)
fn=(100)
0x1f790 30 1 0 0 1 0 0 1
+3 +7 1
+3 +1 1
+7 +2 1
+5 +1 1
+3 +1 1
+2 +1 1
+1 +1 1 0 1 0 0 1 0 0 1
jump=1 * * 
* * 
* * 32 0 31 0 0 3 0 0 3
jcnd=31/32 * * 
* * 
+3 +3 1
+3 * 1
+2 +7 1 1
+2 +1 1
+2 +1 1
+2 +1 1 0 1
+3 +2 1 1
+3 +1 1
+3 +1 1 0 0 1 0 0 1
+2 +1 1 0 1
+3 +2 1 1
+3 +1 1
+3 +1 1
jcnd=1/1 +20 +9 
* * 
+20 +9 1
+4 * 1
+4 * 1
+10 +12 1
+4 +2 1 1
+2 +1 1 1
+3 +1 1
-9 -4 11
+4 +2 11 11
+2 +1 11 11
+3 +1 11
+2 +2 12 12 0 0 1 0 0 1
+3 +1 12 12
+3 +1 12
+2 +2 12 12
+3 +1 12 12
+3 +1 12
+2 +2 12 12
+3 +1 12 12
+3 +1 12
jcnd=11/12 -33 -16 
* * 
+2 +2 1
+3 +1 1
+3 +1 1
+3 +2 1
+7 +7 1
+3 +4 1 1

fl=(44) /build/glibc-OTsEL5/glibc-2.27/misc/../sysdeps/unix/syscall-template.S
fn=(136) mprotect
0x1cff0 78 8 0 0 1 0 0 1
+5 * 8
+2 * 8
+6 * 8
+2 +1 8 8

fl=(47)
fn=(144)
0x1ce20 27 1 0 0 1 0 0 1
+5 * 1
+2 * 1
+6 * 1
jcnd=1/1 +11 * 
* * 
+11 * 1
+2 * 1 0 1
+6 * 1 0 0 1 0 0 1
+5 +4 1 1

fl=(37)
fn=(120)
0x1ccb0 39 160 0 0 1 0 0 1
fi=(38) /build/glibc-OTsEL5/glibc-2.27/io/../sysdeps/unix/sysv/linux/open64.c
+3 -3 160 0 160 0 0 2 0 0 2
+5 +3 160
+4 * 160
+2 * 160
+2 * 160 0 0 1 0 0 1
+5 * 160
+5 * 160
+2 +8 160
+2 * 160
+5 * 160
+3 * 160
+5 * 160
+2 * 160
+6 * 160
jcnd=151/160 +53 * 
* * 
+2 +2 9 9
+51 -2 151 0 0 1 0 0 1
+2 * 151 0 151
+6 * 151
+5 +2 151 151
fe=(37)

fl=(32)
fn=(94)
0x12e40 113 1 1 0 1 0 0 1
+7 * 1
+2 +1 1 1 0 0 1 0 0 1
+7 * 1 1

fl=(39) /build/glibc-OTsEL5/glibc-2.27/io/../sysdeps/unix/sysv/linux/read.c
fn=(124) read
0x1cda0 27 8 0 0 1 0 0 1
+2 * 8
+2 * 8
+6 * 8
+2 +1 8 8

fl=(48)
fn=(148)
0xe2e0 60 8 0 8 1 0 0 1
+1 * 8
+3 +7 8 8
+3 -4 8 8
+3 * 8 8
+4 * 8 8
+4 +1 8 8
+7 -1 8 8
+4 +1 8
+3 -1 8 0 0 1 0 0 1
+2 * 8
+3 * 8
+5 * 8
+3 * 8 0 8
cfi=(24)
cfn=(114)
calls=8 0x8e00 2080 
* * 59289 12803 7337 96 208 401 96 200 401
+5 * 7 0 7
+4 +5 7 7
+1 * 7 7

fn=(146)
0xe410 159 1 0 0 1 0 0 1
+3 -1 1 0 1
+1 +1 1
+4 -1 1
+3 * 1 0 1
+2 * 1 0 1
+2 * 1 0 1
+2 * 1
+3 +1 1
+8 -1 1 0 1
+2 * 1 0 1
+1 +1 1
+4 -1 1
+7 * 1 0 1 1 0 0 1
+7 +1 1
+4 -1 1 0 1
+6 +1 1
+3 -8 1 1
+7 +8 1
+5 * 1
+4 -8 1
+3 -6 1
+4 +14 1
+3 -8 1
+3 +24 1
+2 -32 1 0 1
+7 +1 1 0 1
+4 +1 1 0 1
+4 +6 1 0 1 1 0 0 1
+6 +24 1
+6 * 1
+3 -28 1
+6 * 1
jump=1 +10 -2 
* * 
+10 -2 1
+4 +31 1 1
+3 -33 1 0 1
+6 * 1
+4 * 1
+4 +2 1
+3 * 1
+4 -1 1 0 1
+4 +1 1
+4 * 1 0 1 1 0 0 1
+4 +6 1 1
+7 * 1
+3 * 1
+3 +24 1
+3 -24 1 0 1
+6 +24 1
+2 * 1
+4 * 1
+4 * 1 0 1
+7 * 1 1
+4 * 1 0 1
+7 * 1 1
+7 +4 1 0 1 1 0 0 1
+8 +19 1 1
+6 +2 1 0 1
+7 * 1 0 1
+10 -14 1 0 1
+11 -1 1 0 1
+11 +13 1 0 1
+6 * 1 0 1
+7 * 1 0 0 1 0 0 1
+3 * 1 0 1
+7 * 1 0 1
+7 +11 1 0 1
+6 +4 1 1
+7 * 1 1
+7 * 1
+3 * 1
jcnd=1/1 0xed88 +1 
* * 
+9 +12 1 1
+7 * 1 1
+5 * 1 0 0 1 0 0 1
+6 +2 1 1
+7 +8 1 1
+6 -8 1 1
+4 +6 1 0 1
+4 -6 1 1
+4 +6 1
+3 +1 1 1
+6 +4 1 1
+4 -3 1 0 1
+3 -3 1 0 1
+4 +2 1 0 1
+3 +4 1 1
+3 * 1
+3 * 1
+6 * 1 1 0 1 0 0 1
+7 +66 1
+4 -98 1
+3 +98 1 0 1
+7 -66 1 0 1
+7 * 1
jump=1 0xe69b +1 
* * 
+7 +7 8 8
+4 * 8
+5 * 8
+3 * 8
+3 * 8 0 8
cfi=(29)
cfn=(84)
calls=8 0x1f0d0 24 
* * 280 36 0 0 10 0 0 10
+5 * 8
+3 * 8
+6 +4 8 8 0 1 0 0 1
+7 * 8
+4 * 8
+7 -2 8 0 8
+4 +2 8 0 8
cfi=(34)
cfn=(108)
calls=8 0x1bc10 -74 
* * 59829 12961 7526 98 208 403 98 200 403
* * 8 8
+5 +1 8 8
+5 * 8
jcnd=1/8 0xe890 +2 
* * 
+6 +9 7 7
+4 +2 7 7
+7 * 7
+2 +5 7
+4 +6 7 7
+7 +2 7 0 7 1 0 0 1
+7 -8 7
+5 * 7
+4 +3 7 0 7
+4 +1 7 0 7
+6 +1 7 0 7
+8 +1 7 0 7
+4 +4 7 7
+7 * 7 0 7
+7 * 7
+3 * 7
+3 * 7 0 7
+6 +4 7
+3 * 7
jcnd=7/7 +13 -42 
* * 
+13 -42 7
+4 * 7 7
+3 * 7
+3 * 7
+6 +1 8 0 0 1 0 0 1
+4 * 8
jcnd=8/8 0xe5e0 +6 
* * 
0xe890 +13 1 0 0 1 0 0 1
+2 * 1
+3 * 1 1
+7 * 1 1 0 0 1
+7 * 1 1
+7 * 1
+6 460 1 1
+6 * 1
+2 * 1
jcnd=1/1 +16 +4 
* * 
+16 +4 1 1 0 1 0 0 1
+7 * 1
+3 * 1 0 1
+7 * 1
jcnd=1/1 +32 +11 
* * 
+32 +11 1
+5 * 1 0 1 1 0 0 1
+7 * 1
+4 -1 1 0 1
cfi=(19)
cfn=(46)
calls=1 0x1b4b0 50 
* * 18 3 3
* * 1 1
+5 +3 1
+3 -3 1 0 1
+7 +3 1 1
+7 * 1
+6 * 1
+3 * 1 1
+6 +5 1
+5 +1 1 0 1 0 0 1
+7 -1 1
+4 +3 1
+2 * 1 0 0 1 0 0 1
+2 -3 1 0 1
+7 * 1
+6 * 1
+1 * 1 1 0 0 1
+4 +9 1
+3 * 1 0 1 0 0 1 0 0 1
+5 +4 1 1
+4 * 1 0 1
+7 * 1
+2 -10 1 1
+4 * 1
+3 * 1
jcnd=1/1 -32 -3 
* * 
-32 -3 8 8 0 0 1
+4 +9 8
+3 * 8 0 8 0 0 1 0 0 1
+5 +4 8 8
+4 * 8 0 8
+7 * 8
+2 -10 8 8
+4 * 8
+3 * 8
jcnd=7/8 -32 -3 
* * 
+2 +13 1 1
+7 * 1
+6 +51 1 1 0 1 0 0 1
+4 * 1
+6 +2 1 1
+7 -1 1 0 1
+11 +1 1
+3 * 1
jcnd=1/1 0xeabc +35 
* * 
0xeabc +35 1 1 0 1 0 0 1
+7 * 1
+3 * 1
+3 * 1
+8 * 1 0 1
+7 * 1
+3 * 1 0 1
cfi=(20)
cfn=(48)
calls=1 0x1f840 129 
* * 26 9 8
+5 +4 1
+3 * 1
+4 * 1
+2 * 1
+2 * 1 0 1
cfi=(54) /build/glibc-OTsEL5/glibc-2.27/elf/dl-sort-maps.c
cfn=(170) _dl_sort_maps
calls=1 0x17c80 28 
* * 725 197 57 7 1 1 7
+5 +3 1 0 1
+8 +3 1 0 1
+8 -1 1 0 1 1 0 0 1
+7 +2 1 1
+7 * 1 1
+7 * 1
+3 * 1
jcnd=1/1 +35 +7 
* * 
+35 +7 1 1 0 1 0 0 1
+7 * 1
+3 * 1
jcnd=1/1 +21 +3 
* * 
+21 +3 1
+3 * 1
jcnd=1/1 0xf58a +1 
* * 
0xed88 214 1 1 0 1 0 0 1
+8 * 1
+6 * 1 1
+7 * 1
jcnd=1/1 0xe56f +11 
* * 
0xf58a 608 1 0 0 1 0 0 1
+4 * 1
jcnd=1/1 +5 * 
* * 
+5 * 1
+4 * 1
+2 * 1
+3 * 1 0 1
cfi=(34)
cfn=(174)
calls=1 0x1ba60 91 
* * 851 118 88 24 10 4 24 7 4
* * 1 1

fl=(21)
fn=(56)
0x1d360 144 162 0 0 1 0 0 1
+2 +1 162
+2 +2 162
+4 +1 162
+4 +21 162
+3 +1 162
jcnd=24/162 +65 +48 
* * 
+2 +1 138
+3 +1 138
jcnd=47/138 +60 +46 
* * 
+2 +1 91 91
+4 +1 91 91 0 0 3 0 0 3
+4 +1 91 91
+5 +1 91 91
+5 +21 91
+4 +1 91
+4 +1 91
+4 +1 91
+4 +1 91
+4 +1 91
+6 +1 91
jcnd=91/91 0x1e770 2211 
* * 
+14 +15 71 0 0 1 0 0 1
+4 +1 71
+4 +1 71
+5 +1 71
+3 +1 71 0 0 1 0 0 1
+3 +1 71
+3 +1 71
+2 +1 71
+2 +1 71
jcnd=11/71 +9 +5 
* * 
+2 +1 60
+3 +1 60
+1 +1 60
+3 +2 60
+4 +1 60
+3 +1 60
+7 +1 60 60 0 0 3 0 0 2
+4 +1 60
+4 +1 60
jump=1 0x1e4d0 1946 
* * 
jump=4 0x1dad0 946 
* * 
jump=2 0x1e390 1821 
* * 
jump=20 0x1d990 821 
* * 
jump=11 0x1d850 696 
* * 
jump=4 0x1e250 1696 
* * 
jump=3 0x1e110 1571 
* * 
jump=9 0x1dfd0 1446 
* * 
jump=3 0x1e610 2071 
* * 
jump=3 0x1de90 1321 
* * 
-22 -5 11
+4 +1 11
+3 +1 11
+7 +1 11 11
+4 +1 11
+4 +1 11
jump=1 0x1e610 2071 
* * 
jump=3 0x1e250 1696 
* * 
jump=1 0x1e390 1821 
* * 
jump=4 0x1e4d0 1946 
* * 
jump=2 0x1dd50 1196 
* * 
0x1d850 696 11 0 0 1 0 0 1
+4 +1 11 11
+4 +1 11 11
+4 +1 11
+4 +1 11
+5 +2 11
+4 +1 11
+4 +1 11
+5 +1 11
+2 +1 11
+3 +1 11
+3 +1 11
jcnd=11/11 0x1e755 2202 
* * 
0x1d990 821 20 0 0 1 0 0 1
+4 +1 20 20 0 0 1 0 0 1
+4 +1 20 20
+4 +1 20
+4 +1 20
+5 +2 20
+4 +1 20
+4 +1 20
+5 +1 20
+2 +1 20
+3 +1 20
+3 +1 20
jcnd=20/20 0x1e755 2202 
* * 
0x1dad0 946 4 0 0 1 0 0 1
+4 +1 4 4
+4 +1 4 4
+4 +1 4
+4 +1 4
+5 +2 4
+4 +1 4
+4 +1 4
+5 +1 4
+2 +1 4
+3 +1 4
+3 +1 4
jcnd=3/4 0x1e755 2202 
* * 
+6 +1 1 1 0 1 0 0 1
+4 +4 1
+4 +1 1
+7 +1 1
+6 +6 1
+4 +1 1
+7 +1 1
+7 * 1
+9 +4 1
+4 +1 1
+6 +3 1 1
+5 +1 1 1 0 1 1 0 1 1
+5 +1 1
+4 +3 1
+5 +1 1
+5 +1 1
+4 +6 1
+4 +1 1
+4 +1 1
+4 +1 1
+4 +1 1
+6 +1 1
jcnd=1/1 0x1e750 2200 
* * 
0x1dd50 1196 2 0 0 1 0 0 1
+4 +1 2 2
+4 +1 2 2
+4 +1 2
+4 +1 2
+5 +2 2
+4 +1 2
+4 +1 2
+5 +1 2
+2 +1 2
+3 +1 2
+3 +1 2
jcnd=2/2 0x1e755 2202 
* * 
0x1de90 1321 3 0 0 1 0 0 1
+4 +1 3 3 0 0 1 0 0 1
+4 +1 3 3
+4 +1 3
+4 +1 3
+5 +2 3
+4 +1 3
+4 +1 3
+5 +1 3
+2 +1 3
+3 +1 3
+3 +1 3
jcnd=3/3 0x1e755 2202 
* * 
0x1dfd0 1446 9 0 0 1 0 0 1
+4 +1 9 9 0 0 1 0 0 1
+4 +1 9 9
+4 +1 9
+4 +1 9
+5 +2 9
+4 +1 9
+4 +1 9
+5 +1 9
+2 +1 9
+3 +1 9
+3 +1 9
jcnd=8/9 0x1e755 2202 
* * 
+6 +1 1 1 0 1 0 0 1
+4 +4 1
+4 +1 1
+7 +1 1
+6 +6 1
+4 +1 1
+7 +1 1
+7 * 1
+9 +4 1
+4 +1 1
+6 +3 1 1
+5 +1 1 1 0 1 1 0 1 1
+5 +1 1
+4 +3 1
+5 +1 1
+5 +1 1
+4 +6 1
+4 +1 1
+4 +1 1
+4 +1 1
+4 +1 1
+6 +1 1
jcnd=1/1 0x1e750 2200 
* * 
0x1e110 +72 3 0 0 1 0 0 1
+4 +1 3 3
+4 +1 3 3
+4 +1 3
+4 +1 3
+5 +2 3
+4 +1 3
+4 +1 3
+5 +1 3
+2 +1 3
+3 +1 3
+3 +1 3
jcnd=3/3 0x1e755 2202 
* * 
0x1e250 1696 7 0 0 1 0 0 1
+4 +1 7 7
+4 +1 7 7
+4 +1 7
+4 +1 7
+5 +2 7
+4 +1 7
+4 +1 7
+5 +1 7
+2 +1 7
+3 +1 7
+3 +1 7
jcnd=6/7 0x1e755 2202 
* * 
+6 +1 1 1 0 1 0 0 1
+4 +4 1
+4 +1 1
+7 +1 1
+6 +6 1
+4 +1 1
+7 +1 1
+7 * 1
+9 +4 1
+4 +1 1
+6 +3 1 1
+5 +1 1 1 0 1 0 0 1
+5 +1 1
+4 +3 1
+5 +1 1
+5 +1 1
+4 +6 1
+4 +1 1
+4 +1 1
+4 +1 1
+4 +1 1
+6 +1 1
jcnd=1/1 0x1e750 2200 
* * 
0x1e390 +72 3 0 0 1 0 0 1
+4 +1 3 3
+4 +1 3 3
+4 +1 3
+4 +1 3
+5 +2 3
+4 +1 3
+4 +1 3
+5 +1 3
+2 +1 3
+3 +1 3
+3 +1 3
jcnd=2/3 0x1e755 2202 
* * 
+6 +1 1 1 0 1 0 0 1
+4 +4 1
+4 +1 1
+7 +1 1
+6 +6 1
+4 +1 1
+7 +1 1
+7 * 1
+9 +4 1
+4 +1 1
+6 +3 1 1
+5 +1 1 1 0 1 0 0 1
+5 +1 1
+4 +3 1
+5 +1 1
+5 +1 1
+4 +6 1
+4 +1 1
+4 +1 1
+4 +1 1
+4 +1 1
+6 +1 1
jcnd=1/1 0x1e750 2200 
* * 
0x1e4d0 +72 5 0 0 1 0 0 1
+4 +1 5 5 0 0 1 0 0 1
+4 +1 5 5
+4 +1 5
+4 +1 5
+5 +2 5
+4 +1 5
+4 +1 5
+5 +1 5
+2 +1 5
+3 +1 5
+3 +1 5
jcnd=5/5 0x1e755 2202 
* * 
0x1e610 2071 4 0 0 1 0 0 1
+4 +1 4 4 0 0 1 0 0 1
+4 +1 4 4
+4 +1 4
+4 +1 4
+5 +2 4
+4 +1 4
+4 +1 4
+5 +1 4
+2 +1 4
+3 +1 4
+3 +1 4
jcnd=4/4 0x1e755 2202 
* * 
0x1e750 2200 4
+5 +2 4
+4 +1 4
+4 +1 4
+3 +1 4
jcnd=2/4 +16 +6 
* * 
-11 -3 67 0 0 1 0 0 1
+4 +1 67
+4 +1 67
+3 +1 67
jcnd=9/67 +16 +6 
* * 
+2 +1 60
+3 * 60
+1 * 60
+10 +5 60
+4 +6 60 60
+4 +1 60 60
+4 +8 60
+2 +1 60 60
-14 -16 102
+4 +6 102 102
+4 +1 102 102
+4 +8 102
+2 +1 102 102

fl=(6)
fn=(10)
0xbf50 939 10 10 0 1 0 0 1
+7 * 10
+3 * 10
+2 +4 10 10
+4 +4 10 10 0 0 10 0 0 10
+2 * 10 0 10 0 0 1 0 0 1
+6 +2 10 10
+3 -1 10 10
+3 +3 10
+4 * 10
+3 * 10
+2 +1 10 0 10
+7 +1 10 0 0 1 0 0 1
+4 +3 10
+2 -3 10 10
+3 +7 10
+3 -4 10
+4 -1 10 0 10
+7 +3 10 0 10
+7 +2 10
+4 -7 10 0 10
+6 +7 10 0 10
+7 +1 10 10

fl=(15)
fn=(34)
0x1b3f0 29 3 3 0 1 0 0 1
+3 +3 3 3
+3 * 3
+3 * 3
jcnd=2/3 +19 +2 
* * 
+2 * 1
jump=1 +53 +17 
* * 
+5 +13 81
+4 -13 81 81
+3 * 81
+3 * 81
+2 +2 83 83 0 1 0 0 1
+3 * 83
jcnd=67/83 -15 +11 
* * 
+2 +1 16 16
+4 * 16
jcnd=14/16 -21 +10 
* * 
+2 * 2 2
+4 * 2
+2 +5 2
+4 -3 2
+4 +3 2 0 2
+3 +2 2 2
+8 +7 1 1

fl=(20)
fn=(74)
0x1f830 116 363 0 0 1 0 0 1
+3 +1 363
+3 +1 363
jump=363 +13 +13 
* * 
+13 +13 363
+4 +1 363
jcnd=244/363 +25 267 
* * 
+2 +1 119
+4 +1 119
jcnd=25/119 +89 327 
* * 
+2 +5 94 94 0 0 2
+3 +1 94 94
+5 +1 94 0 94
+3 +1 94 0 94
+5 +5 94 94
+1 267 244
+3 +1 244
jcnd=157/244 +20 +31 
* * 
+2 +1 87
+3 +1 87
jcnd=36/87 +32 +36 
* * 
+2 +1 51
+3 +1 51
jcnd=2/51 +40 +41 
* * 
+2 +1 49
jcnd=49/49 +7 +4 
* * 
+7 +4 49 49
+1 +22 157 157
+5 +1 157 157
+3 +1 157 0 157 0 0 2 0 0 2
+5 +1 157 0 157
+3 +1 157 157
+1 +3 36 36
+4 +1 36 36
+2 +1 36 0 36
+4 +1 36 0 36
+2 +1 36 36
+1 +3 2 2 0 1 1 0 1 1
+5 +1 2 2
+3 +1 2 0 2 0 0 1 0 0 1
+5 +1 2 0 2
+3 +1 2 2
+1 +10 25
+7 +1 25
+2 +1 25
+4 +1 25
jcnd=24/25 +73 +22 
* * 
+2 +2 1 1
+3 +1 1 1
+4 +1 1 1
+4 +1 1 1
+4 +1 1 1
+5 +1 1 1
+5 +1 1 1
+5 +1 1 1
+5 +1 1 0 1
+3 +1 1 0 1 0 0 1 0 0 1
+4 +1 1 0 1
+4 +1 1 0 1
+4 +1 1 0 1
+5 +1 1 0 1
+5 +1 1 0 1
+5 +1 1 0 1
+5 +2 1 1
+1 +3 24 24
+3 +1 24 24
+4 +1 24 24
+5 +1 24 24
+5 +1 24 0 24 0 0 3 0 0 3
+3 +1 24 0 24 0 0 4 0 0 4
+4 +1 24 0 24 0 0 3 0 0 3
+5 +1 24 0 24
+5 +2 24 24

fn=(48)
0x1f840 129 31 0 0 1 0 0 1
+3 +2 31
+4 +1 31
jcnd=6/31 +25 267 
* * 
+2 +1 25
+4 +1 25
jcnd=20/25 +89 327 
* * 
+2 +5 5 5
+3 +1 5 5
+5 +1 5 0 5 0 0 4 0 0 4
+3 +1 5 0 5
+5 +5 5 5
+1 267 6
+3 +1 6
jcnd=5/6 +20 +31 
* * 
+2 +1 1
+3 +1 1
+2 +1 1
+3 +1 1
+2 +1 1
+2 +1 1 1
+3 +1 1 0 1 0 0 1 0 0 1
+2 +2 1 1
+1 +22 5 5
+5 +1 5 5
+3 +1 5 0 5 0 0 4 0 0 4
+5 +1 5 0 5
+3 +1 5 5
+31 +24 20
+7 +1 20
+2 +1 20
+4 +1 20
jcnd=17/20 +73 +22 
* * 
+2 +2 3 3
+3 +1 3 3
+4 +1 3 3
+4 +1 3 3 0 1 0 0 1
+4 +1 3 3
+5 +1 3 3
+5 +1 3 3
+5 +1 3 3
+5 +1 3 0 3
+3 +1 3 0 3 0 0 1 0 0 1
+4 +1 3 0 3
+4 +1 3 0 3
+4 +1 3 0 3
+5 +1 3 0 3
+5 +1 3 0 3
+5 +1 3 0 3
+5 +2 3 3
+1 +3 17 17
+3 +1 17 17 0 1 0 0 1
+4 +1 17 17
+5 +1 17 17
+5 +1 17 0 17 0 0 5 0 0 5
+3 +1 17 0 17 0 0 1 0 0 1
+4 +1 17 0 17 0 0 5 0 0 5
+5 +1 17 0 17
+5 +2 17 17

fl=(56)
fn=(186)
0x1d030 27 1
+2 +4 1
+6 +2 1
+5 * 1
jump=1 +18 -2 
* * 

fl=(1) ???
fn=(0) 0x0000000000001090
0x1090 0 1 0 0 1 0 0 1
+3 0 1 0 1 0 0 1 0 0 1
cfi=(2)
cfn=(2)
calls=1 0x1ea0 444 
* 0 106727 22695 8983 501 404 554 501 389 552

fl=(41)
fn=(130)
0x1cc30 34 9 0 0 1 0 0 1
+3 -1 9
+2 +1 9
+2 +1 9
+2 * 9
+3 * 9 0 0 1 0 0 1
+5 * 9
+2 * 9
+6 * 9
+2 +4 9 9

fl=(19)
fn=(80) strsep
0x1b930 265 6 6 0 1 0 0 1
+3 * 6
+2 +2 6 6
+3 +1 6
+3 * 6
jcnd=1/6 +53 +26 
* * 
+2 +4 5 5
+3 * 5 0 0 1 0 0 1
+2 * 5
+2 * 5
+3 * 5
+9 * 5
+3 * 5
jump=5 +14 +5 
* * 
-3 * 113
+3 * 113
jump=113 +14 +5 
* * 
+5 +7 228
+4 * 228 228
+3 * 228
jcnd=114/228 +25 +8 
* * 
+2 -2 232 232
+2 * 232
jcnd=228/232 -11 +2 
* * 
+2 +6 4
+4 * 4 0 4
+4 +7 4 0 4
+3 +4 4 4
-3 -4 1 0 1
+3 +4 1 1
* * 1 1
+8 -7 114
+4 -15 114 114
+4 * 114 0 0 1 0 0 1
+2 * 114
jcnd=113/114 -50 * 
* * 
+2 * 1
+2 * 1
jump=1 -25 +18 
* * 

fn=(42)
0x1b5e0 92 9 0 0 1 0 0 1
+3 +8 9
+5 -1 9
+3 * 9
+3 -3 9
+4 +4 9
+3 * 9
jcnd=9/9 +7 +3 
* * 
+7 +3 9 0 0 1 0 0 1
cfn=(46)
calls=9 0x1b4b0 -53 
* * 288 49 48 7 0 1 7 0 1
* * 9 9 0 1 0 0 1

fn=(178)
0x1b670 153 1 0 0 1 0 0 1
+3 * 1
+2 * 1
+7 * 1
+2 * 1 1 0 1 1 0 1 1
+4 * 1
+3 * 1
jump=1 +75 +9 
* * 
+75 +9 1 0 0 1 0 0 1
+7 +1 1 1

fn=(46)
0x1b4b0 50 40 40 0 1 0 0 1
+7 * 40
+3 * 40
jcnd=1/40 0x1b590 +6 
* * 
+6 * 39 39
+7 +11 39
+4 * 39
+4 +3 39
+4 -3 39 0 39
+7 +3 39
+3 * 39
jcnd=2/39 +17 -15 
* * 
-22 -3 1 0 0 1 0 0 1
+4 * 1
+4 +3 1
+4 -3 1 0 1
+7 +3 1
+3 * 1
+2 * 38
+3 * 38
+3 * 38
+3 * 38
jcnd=38/38 0x1b578 +19 
* * 
+6 -15 2 0 2
+1 * 2 0 2
+1 * 2
+4 +20 2 2
+7 * 2
+5 * 2 0 0 1 0 0 1
+3 * 2
+3 +1 2
+3 * 2
jcnd=2/2 +11 +2 
* * 
+11 +2 2
+3 +1 2
+3 * 2
+3 * 2
+6 * 2
+2 * 2
+5 * 2
+5 * 2
+3 * 2 0 2
cfi=(42)
cfn=(132)
calls=2 0x1cf00 -29 
* * 70 14 12 2 0 1 2 0 1
+5 +2 2
+4 * 2
+6 +2 2 2
+7 * 2
+3 * 2
+2 +2 2
+3 +3 2 0 2
+7 -3 2 0 2
+7 * 2
+4 +4 2 0 2
+7 +2 2
+4 * 2
+3 * 2 2
+1 * 2 2
+1 * 2 2
+6 -2 38 0 38 1 0 0 1
+7 -1 38 0 38
+7 +3 38
+3 * 38 38
+7 -29 1 1 0 1 0 0 1
+7 -1 1
+7 +1 1
+5 +1 1
+3 * 1
+3 -2 1 0 1
+7 * 1
jump=1 0x1b4c7 +6 
* * 

fn=(90) free
0x1b620 111 5 5
+7 * 5
+3 * 5
+2 * 5 5

fl=(7)
fn=(12)
0x1a8e0 88 1 0 1 1 0 0 1
+2 * 1 0 1
+2 * 1 0 1
+2 * 1 0 1 0 0 1 0 0 1
+2 * 1
+3 * 1 0 1
+1 * 1 0 1
+1 * 1
+4 +25 1 1
+3 -1 1 0 1
+7 +1 1
+4 * 1 0 1 1 0 1 1 0 1
+7 * 1 0 1
+6 * 1
+2 * 1
+5 * 1 0 1 0 0 1 0 0 1
+7 * 1 1
+4 * 1
+3 * 1
+2 * 83
+4 * 83 83 0 0 11 0 0 11
+4 * 83
jcnd=82/83 -8 * 
* * 
+2 * 1
+4 +6 1 1
+4 -3 1
+7 +1 1 0 1 1 0 0 1
+11 -4 1 0 1 0 0 1 0 0 1
+7 +3 1 0 1
+5 +3 1
+3 * 1
+6 * 1 1 0 0 1 0 0 1
+7 * 1 1
+7 +1 1
+7 * 1 1
+7 -1 1 0 1 0 0 1 0 0 1
+5 * 1
+3 * 1 0 1 1 0 0 1
+5 * 1 0 1
+5 * 1
+3 * 1 0 1
+5 * 1 1
+7 * 1
+3 * 1 0 1
+5 * 1 0 1
+5 * 1
+3 * 1 0 1
+5 -29 1
+3 -1 1
+2 * 1 0 1
+5 * 1 1
+7 * 1 0 1 1 0 0 1
+5 * 1 1 0 0 1 0 0 1
+7 * 1 0 1
+5 * 1 1
+6 * 1 0 1
+4 * 1 1
+7 * 1 0 1
+5 +30 1
+2 * 1
+8 +1 1
+4 * 1
+4 * 1
jcnd=1/1 +20 -1 
* * 
-8 * 18
+4 * 18
+4 * 18
jcnd=1/18 +20 -1 
* * 
+2 * 17 17 0 0 3 0 0 3
+4 * 17
+3 * 17
jump=1 0x1abd8 +36 
* * 
jump=1 0x1ab18 +61 
* * 
jump=1 0x1ab40 +33 
* * 
jump=1 0x1ac00 +12 
* * 
jump=1 0x1ac40 +6 
* * 
jump=8 +11 -1 
* * 
jump=1 +7 +3 
* * 
jump=1 0x1ab88 +45 
* * 
jump=1 0x1ac20 +9 
* * 
jump=1 0x1abb0 +39 
* * 
+7 +3 1 1
+4 -4 1
+4 * 1 1
+3 * 1
+3 * 1
jcnd=1/1 -38 +1 
* * 
-10 * 10 0 0 1 0 0 1
+4 * 10 10 0 0 1 0 0 1
+3 * 10
+3 * 10
jcnd=10/10 -38 +1 
* * 
+10 * 1
+3 * 1
jfi=(8)
jcnd=1/1 0x1b073 +98 
* * 
+6 * 1
+3 * 1
+2 * 1 0 1
+5 * 1
+2 * 1
+2 * 1 0 1
+7 * 1 0 0 1 0 0 1
+3 * 1
+2 * 1 0 1
+7 * 1 1
+5 * 1
+2 * 1 1
+5 * 1 0 1
+7 * 1 1
+5 * 1
jcnd=1/1 +14 * 
* * 
+14 * 1 1
+5 * 1
+2 * 1 1
+4 * 1 0 1 1 0 0 1
+6 * 1 1
+5 * 1
jcnd=1/1 +14 * 
* * 
+14 * 1 1
+5 * 1
jcnd=1/1 +14 * 
* * 
+14 * 1 1
+5 * 1
+6 * 1 1
+5 * 1 0 1
+7 * 1 0 0 1 0 0 1
jump=1 0x1ac65 224 
* * 
+90 +62 1 1 0 1 0 0 1
+4 -62 1
+4 +63 1 0 1
+5 -1 1 0 1
+5 -62 1 1
+3 * 1
+3 * 1
jcnd=1/1 0x1a9f0 +1 
* * 
+16 +34 1 1 0 1 1 0 1 1
+4 -34 1
+4 * 1 1
+3 +35 1
+5 -35 1
+3 * 1
jcnd=1/1 0x1a9f0 +1 
* * 
+53 +46 1 1
+3 -46 1
+4 +47 1 0 1
+5 -1 1 0 1
+4 -46 1 1
+3 * 1
+3 * 1
jcnd=1/1 0x1a9f0 +1 
* * 
+18 +40 1 1 0 1 0 0 1
+4 -40 1
+4 +41 1 0 1
+5 -1 1 0 1 1 0 0 1
+5 -40 1 1
+3 * 1
+3 * 1
jcnd=1/1 0x1a9f0 +1 
* * 
+16 +37 1 1 0 0 1 0 0 1
+4 -37 1
+4 * 1 1
+3 +38 1
+6 -38 1
+3 * 1
+6 * 1
jump=1 0x1aa20 * 
* * 
+14 +13 1 1
+4 -13 1
+4 * 1 1
+3 +14 1
+6 -14 1
+3 * 1
jcnd=1/1 0x1a9f0 +1 
* * 
+12 +10 1 1 0 1 1 0 1 1
+4 -10 1
+4 * 1 1
+3 +11 1
+6 -11 1
+3 * 1
jcnd=1/1 0x1a9f0 +1 
* * 
+12 +7 1 1 0 1 1 0 1 1
+4 -7 1
+4 * 1 1
+3 * 1
+3 * 1
jcnd=1/1 0x1a9f0 +1 
* * 
+23 224 1 0 1
cfi=(9)
cfn=(16)
calls=1 0x18c50 +65 
* * 32173 6528 8 7 51 2 7 51 2
fi=(11)
+5 35 1
+2 * 1 0 1
cfi=(12)
cfn=(22)
calls=1 0x1bec0 -4 
* * 11 1 1 1 0 1 1 0 1
fi=(8)
+5 196 1
+2 -12 1 0 1
+8 +1 1 0 1 1 0 0 1
+8 +11 1
+2 +3 1
+6 -3 1 0 1
+6 +3 1
+6 * 1
+6 * 1
+6 * 1
+6 * 1
jcnd=1/1 0x1af70 +6 
* * 
+37 366 1 1 0 1 0 0 1
+6 * 1
+3 * 1
+2 +1 1 0 1
+10 +3 1
+3 * 1
+2 +1 1 0 1
+10 +6 1 0 1
+6 +5 1
+7 * 1 0 0 1 0 0 1
+2 -3 1 0 1
+6 +3 1
+3 -4 1 0 1
+6 +4 1 0 1
cfi=(9)
cfn=(26)
calls=1 0x19250 -9 
* * 16 4 1 2 0 0 2
+5 +2 1
+2 * 1
+3 * 1
+5 * 1 0 1
cfi=(9)
cfn=(26)
calls=1 0x19250 -11 
* * 18 4 1
+5 * 1 1
+5 +2 1
+2 * 1
+3 * 1
+5 -2 1 0 1
+7 +2 1 0 1
cfi=(9)
cfn=(26)
calls=1 0x19250 -13 
* * 18 4 1
+5 * 1 1 0 1 0 0 1
+5 +2 1
+2 * 1
+3 * 1
+5 -2 1 0 1
+7 +2 1 0 1
cfi=(9)
cfn=(26)
calls=1 0x19250 -15 
* * 18 4 1
+5 +12 1 1
+7 -12 1 1
+5 +11 1 0 1
+11 -11 1 0 1
+7 +12 1
jcnd=1/1 0x1ae90 +4 
* * 
fe=(7)
+18 236 1 0 1 1 0 0 1
cfi=(13)
cfn=(28)
calls=1 0x1f2f0 79 
* * 16 2 0 2 1 0 2 1
+5 * 1 0 1
+7 +2 1
+2 * 1 0 1
cfi=(14)
cfn=(30)
calls=1 0x1bf10 32 
* * 17 5 2 2 0 0 2
+5 * 1
+7 * 1
+3 * 1
+6 +12 1 1
+6 * 1
+2 * 1
+6 +3 1
+5 * 1 0 0 1 0 0 1
+3 * 1
+3 * 1 1
+7 * 1 0 1
cfi=(2)
cfn=(32)
calls=1 0x2660 870 
* * 72679 15734 8787 430 293 509 430 278 507
fi=(8)
0x1ae90 404 1 1 0 1 0 0 1
+6 * 1
+3 * 1
jcnd=1/1 +87 +19 
* * 
+39 +28 1 0 1
+7 * 1
jfi=(7)
jump=1 0x1ad8a 236 
* * 
+41 -9 1 0 0 1 0 0 1
+5 * 1
+5 * 1
+6 +2 1 1 0 1 0 0 1
+6 * 1
+5 * 1
+5 * 1
+6 +3 1 1
+6 * 1
+5 * 1
+5 * 1
+6 +1 1
+7 * 1
jump=1 0x1aec0 +3 
* * 
+61 205 1 0 0 1 0 0 1
+5 * 1
+5 * 1
+5 * 1 0 0 1 0 0 1
+5 * 1
+3 * 1 0 1
cfn=(24)
calls=1 0x1a660 34 
* * 87 8 18 8 1 0 8 1
+5 +3 1 1
+4 * 1
+3 * 1
jcnd=1/1 0x1affe +2 
* * 
+14 +97 1
+2 * 1
+3 * 1
+3 * 1
+3 +7 1
+2 * 1
+5 * 1
+6 * 1
+6 203 1
+5 312 1
+3 * 1 1
+4 * 1 0 1
+6 * 1
jump=1 0x1acce +54 
* * 
+45 210 1 1 0 1 0 0 1
+4 * 1 1
+4 * 1 1
+6 * 1 1
+6 * 1 0 1
+4 +1 1
+3 * 1
+3 * 1
+2 * 1
+7 * 1 1 0 0 1 0 0 1
+4 * 1
+3 * 1
jump=1 +13 +85 
* * 
+13 +85 1
+6 * 1 0 1
+6 * 1
jump=1 0x1afa1 +9 
* * 
+46 -79 1 0 1 1 0 0 1
+7 * 1
jfi=(7)
jump=1 0x1aa29 -98 
* * 
fe=(7)

fl=(16)
fn=(36)
0x1ecd0 24 4 0 0 1 0 0 1
+3 +1 4
+6 +1 4
+4 +1 4
+6 +1 4
+3 +1 4
+3 +1 4
+4 +1 4
jcnd=1/4 0x1edd3 +97 
* * 
+6 +3 3
+7 +1 3
jcnd=1/3 +31 +9 
* * 
+2 +1 2 2
+3 +1 2 2 0 0 1 0 0 1
+4 +1 2
+4 +1 2
+6 +1 2
+4 +1 2
+2 +1 2
+6 +2 3 0 0 1 0 0 1
+7 +1 3
jcnd=1/3 +23 +9 
* * 
+2 +1 2 2
+3 +1 2 2
+4 +1 2
+4 +1 2
+2 +1 2
+4 +1 2
+2 +1 2
+2 +2 3
+7 +1 3
+2 +1 3 3 0 1 0 0 1
+2 +1 3 3 0 0 1 0 0 1
+3 +1 3
+4 +1 3
jcnd=1/3 +96 +39 
* * 
+2 +1 2
+4 +1 2
+2 +1 2
jcnd=1/2 +88 +36 
* * 
+2 +2 1
+7 +1 1
+2 +1 1 1
+3 +1 1 1
+4 +1 1
+4 +1 1
jcnd=1/1 +66 +29 
* * 
+63 +23 1
+2 +2 1 1
+1 +4 3 0 0 1 0 0 1
+3 +1 3
jcnd=2/3 +36 +15 
* * 
+2 +1 1
+3 +1 1
+3 +1 1
+4 +1 1
+4 +1 1
+4 +1 1
+3 +1 1
+3 +1 1
+3 +1 1
+3 +1 1
+2 +1 1 1
+2 +4 2 0 0 1 0 0 1
+2 +1 2 2
+1 +13 1
+3 +1 1
+3 +1 1
+3 +2 1
+4 +1 1
jcnd=1/1 +39 +12 
* * 
+39 +12 1 0 0 1 0 0 1
+7 +1 1
+6 +1 1
+7 +1 1
jcnd=1/1 +31 +8 
* * 
+31 +8 1
+3 +1 1 0 0 1 0 0 1
+4 +1 1
+3 +1 1
+6 +2 1
+7 +1 1
jcnd=1/1 +60 +16 
* * 
+60 +16 1 0 0 1 0 0 1
+3 +1 1
+4 +1 1
+3 +1 1
jcnd=1/1 0x1ef0a +35 
* * 
0x1ef0a +35 1 0 0 1 0 0 1
+3 +1 1
+4 +1 1
+3 +1 1
+2 +3 1 1
+5 +1 1 1
+4 +1 1
+4 +1 1
+6 +1 1
jcnd=1/1 +55 +20 
* * 
+55 +20 1 0 0 1 0 0 1
+3 +1 1 1
+4 +1 1
+3 +1 1 1
+4 +1 1
jump=1 0x1eda6 92 
* * 

fl=(28) /build/glibc-OTsEL5/glibc-2.27/string/../sysdeps/x86_64/multiarch/memset-vec-unaligned-erms.S
fn=(76) memset
0x1fa20 109 20 0 0 1 0 0 1
+4 * 20
+3 * 20
+4 * 20
+4 * 20
+5 +2 20
+4 +1 20
jcnd=8/20 0x1fac8 222 
* * 
+6 +1 12 0 0 1 0 0 1
+4 +1 12
jcnd=7/12 +13 +60 
* * 
+2 +2 5 0 5 0 0 2 0 0 2
+6 +1 5 0 5
+4 +2 5 5
+1 +55 7
+4 +1 7
jcnd=7/7 +24 +10 
* * 
+24 +10 7
+4 +1 7 0 7 0 0 7 0 0 7
+4 +1 7
+4 +1 7 0 7 0 0 7 0 0 7
+6 +1 7 0 7 1 0 0 1
+5 +1 7 0 7
+6 +1 7 0 7 0 0 2 0 0 2
+5 +1 7 0 7
+6 +1 7 0 7 0 0 2 0 0 2
+5 +1 7 0 7 0 0 1 0 0 1
+6 +1 7
+3 +1 7
+4 +1 7
+3 +1 7
+2 +2 256 0 256 0 0 243 0 0 243
+4 +1 256 0 256
+5 +1 256 0 256
+5 +1 256 0 256
+5 +1 256
+4 +1 256
+3 +1 256
jcnd=249/256 -26 -6 
* * 
+2 +1 7 7
+2 +15 8 0 0 1 0 0 1
+5 +1 8
+3 +1 8
jcnd=5/8 +17 +28 
* * 
+2 +1 3
+3 +1 3
jcnd=2/3 +21 +32 
* * 
+2 +1 1
+3 +1 1
jcnd=1/1 +23 +36 
* * 
+7 +24 5 0 5 0 0 1 0 0 1
+5 +1 5 0 5
+3 +2 5 5
+1 +3 2 0 2
+4 +1 2 0 2
+2 +2 2 2
+1 +3 1 0 1
+5 +1 1 0 1
+3 +2 1 1

fl=(24)
fn=(118) open_verify.constprop.7
0x5bc0 1598 159 0 159 1 0 0 1
+1 * 159
+3 * 159 0 159 0 0 1 0 0 1
+2 * 159 0 159
+2 * 159 0 159
+2 * 159 0 159
+2 * 159
+3 * 159 0 159
+1 * 159
+3 * 159
+4 * 159 159
+3 +39 159
+2 -39 159 0 159
+4 * 159 0 159 0 0 2 0 0 2
+4 * 159 0 159
+3 +39 159 159
+6 * 159
jcnd=1/159 +10 +31 
* * 
+2 * 158
+2 * 158
+6 +31 159 159
+4 * 159
+2 * 159 0 0 1 0 0 1
+5 * 159 0 159
cfi=(37)
cfn=(120)
calls=159 0x1ccb0 39 
* * 2997 159 310 3 0 2 3 0 2
+5 +2 159
+3 -2 159
+3 +2 159
jcnd=151/159 0x5ee0 -20 
* * 
+6 * 8
+4 +10 8 0 8
+10 +1 8
+2 * 8 0 8
+7 +5 8
+6 * 8
+3 * 8
+4 * 8
+3 * 8
+3 * 8 0 8 1 0 0 1
cfi=(39)
cfn=(124)
calls=8 0x1cda0 27 
* * 40 8 0 1 0 0 1
+5 +2 8
+3 * 8
+6 +2 8 8
+3 +2 8
+4 -2 8 0 8
+3 +2 8
+2 +6 8
+4 * 8
+6 +16 8 8
+4 * 8 8 0 0 1 0 0 1
+7 * 8
jcnd=1/8 0x5f78 * 
* * 
+6 * 8 8
+4 * 8
+2 * 8
+6 * 8 8 0 1 0 0 1
+6 * 8 8
+3 * 8
jcnd=8/8 +97 * 
* * 
+97 * 8 8 0 1 0 0 1
+7 * 8 8
+4 * 8
+2 * 8 8
+7 * 8 8
+4 * 8 0 0 1 0 0 1
+2 * 8
+3 +74 8 8
+4 * 8
+6 +5 8 8
+5 * 8
+6 +2 8 8
+4 * 8
+3 * 8
+4 * 8
+6 +6 8
+4 * 8
+6 +11 8 8 0 0 2 0 0 2
+5 * 8
+6 +6 8 8 0 1 0 0 1
+4 +1 8 8
+4 +1 8
+4 -2 8
+8 * 8
+3 * 8
+4 +1 8
+5 * 8
+3 * 8
+6 +21 8
+3 * 8
+3 * 8
+6 * 8
+3 * 8
jump=8 +36 +2 
* * 
+8 * 56
+8 * 56
+4 * 56
+3 * 56
+4 * 56
+3 * 56
jcnd=8/56 0x5ee6 +78 
* * 
+6 +2 56 56 0 1 9 0 1 9
+5 * 56
jcnd=48/56 -33 -2 
* * 
+2 * 8 8
+4 * 8
+4 * 8
+2 * 8 8 0 0 1 0 0 1
+4 * 8
+4 * 8
+2 +13 8
+4 * 8 0 0 1 0 0 1
+6 * 8
+2 +3 8 8
+4 * 8
+4 * 8 8
+3 * 8
+6 +1 8
+4 +12 8
+3 * 8
+7 * 8
+4 * 8
+4 * 8
+3 * 8
+3 -3 8 8 0 0 2 0 0 2
+3 * 8 8
+4 * 8 8
+3 * 8 8 0 1 0 0 1
+7 * 8
+3 * 8
jcnd=8/8 0x6010 +3 
* * 
0x5ee0 1650 151
+6 1918 151
+4 * 151
+3 * 151 151
+1 * 151 151
+2 * 151 151
+2 * 151 151
+2 * 151 151
+2 * 151 151
+1 * 151 151
-17 * 8 0 0 1 0 0 1
+4 * 8
+3 * 8 8
+1 * 8 8
+2 * 8 8
+2 * 8 8
+2 * 8 8
+2 * 8 8
+1 * 8 8
0x5f78 1714 1 1 0 1 1 0 1 1
+7 * 1 0 0 1 0 0 1
jcnd=1/1 0x5c72 * 
* * 
0x6010 1871 8 8 0 1 0 0 1
+3 * 8 8
+4 * 8
+3 * 8
+3 * 8
+3 * 8
+3 +3 8
+4 -4 8
+3 +4 8
+3 * 8
jcnd=8/8 0x6098 -49 
* * 
0x6098 -49 8 8 0 1 0 0 1
+4 * 8
jump=8 0x5d80 +15 
* * 

fn=(150) open_path
0x61c0 1932 9 0 9 1 0 0 1
+1 * 9
+3 * 9 0 9 0 0 1 0 0 1
+2 * 9 0 9
+2 * 9 0 9 0 0 1 0 0 1
+2 * 9 0 9
+2 * 9 0 9
+1 * 9
+7 +1 9 9
+3 +6 9
+3 -6 9 0 9 0 0 1 0 0 1
+7 +6 9
+6 +5 9 9
+7 * 9 9
+7 * 9 0 9
+6 * 9 0 0 1 0 0 1
+6 * 9 0 9
+7 * 9 0 9 0 0 1 0 0 1
+7 * 9 0 9
+7 * 9 0 9
+7 * 9 0 9
+7 * 9
+5 * 9 0 9
+6 -7 9 0 9
+10 -1 9 0 9 1 0 0 1
+11 +8 9
+4 * 9
+3 * 9
+5 * 9
+4 * 9
+3 * 9 9
+7 * 9
+2 +3 9 9
+3 * 9
+7 * 9 9
+2 +9 9
+3 * 9 0 9
+6 * 9
+4 * 9
-25 -9 31 31
+3 * 31
+7 * 31 31
+2 +9 31
+3 * 31 0 31
+6 * 31
+4 * 31
+6 +7 40 40 0 1 3 0 1
+4 * 40 40 0 0 1
+4 * 40
+3 +1 40
+3 -13 40
+3 * 40
+3 * 40
+3 +12 40 0 40 0 0 1 0 0 1
cfi=(20)
cfn=(74)
calls=40 0x1f830 116 
* * 610 134 94 0 2 1 0 0 1
+5 * 40 0 40
+7 +55 40
+7 * 40 0 40
+7 -22 40 40
+7 * 40
+3 * 40 0 40 1 0 0 1
+7 * 40 40
+7 * 40
+3 * 40
+4 -32 40
+3 * 40
-17 +32 151 151
+7 * 151
+3 * 151
+4 -32 151
+3 * 151
jcnd=39/151 0x6451 +85 
* * 
+6 +3 320 320 0 0 1
+6 * 320
jcnd=168/320 0x6440 +61 
* * 
+6 +4 152 152
+7 * 152 152
+7 * 152
+3 * 152 152
+4 * 152 152
+3 * 152 0 152 1 0 0 1
cfi=(20)
cfn=(74)
calls=152 0x1f830 116 
* * 1928 376 224
+5 * 152 152
+7 * 152 152
+7 * 152
+3 * 152 0 152
cfi=(20)
cfn=(74)
calls=152 0x1f830 116 
* * 1824 456 304
+5 +3 152
+3 * 152 0 152
+7 +3 152
+7 * 152 152
+3 * 152
+6 +3 152
+4 * 152 152
+7 * 152 152
+4 * 152 0 152 1 0 0 1
+2 * 152 152
+4 * 152
+3 * 152 152
+3 * 152 152
+7 * 152 0 152
cfn=(118)
calls=152 0x5bc0 1598 
* * 8515 1707 1827 1 7 3 1 7 3
+5 * 152
+2 +2 152 152
+5 * 152 152
+1 * 152 152
+2 * 152
+2 * 152
jcnd=88/152 0x64a0 +26 
* * 
+6 +2 64
+3 * 64
jcnd=63/64 0x64c0 +5 
* * 
+6 +1 1 0 1
+9 +23 1 0 0 1 0 0 1
+6 +2 1 1
+6 * 1
+2 * 1
jcnd=1/1 +30 +25 
* * 
+30 +25 1 1
+7 * 1
+3 * 1 0 1
cfi=(19)
cfn=(46)
calls=1 0x1b4b0 50 
* * 18 3 3
* * 1 1
+5 * 1 1
+7 +1 1 0 0 1 0 0 1
+3 -1 1 0 1
+3 +1 1
+6 +2 1 1
+7 * 1
+3 * 1
+3 * 1 0 1
cfi=(20)
cfn=(48)
calls=1 0x1f840 129 
* * 26 9 8 0 0 1 0 0 1
+5 +35 9
+4 * 9
+3 * 9 9
+1 * 9 9
+2 * 9 9
+2 * 9 9
+2 * 9 9
+2 * 9 9
+1 * 9 9
+83 -45 168
+4 * 168
+4 -64 168
+3 * 168
jcnd=168/168 0x62d8 +3 
* * 
+6 +85 39 0 0 1 0 0 1
+3 * 39
+2 * 39 39
+6 * 39
+3 * 39
+2 * 39
+3 * 39
jcnd=1/39 +48 -3 
* * 
+2 +7 38 0 38
+8 -2 38 0 38
+7 +2 38 38
+7 * 38 38
+4 * 38 0 0 1 0 0 1
jcnd=31/38 0x6260 1947 
* * 
+6 +3 7 7
+6 * 7
+2 * 7
+6 -13 8
+6 * 8
jump=8 0x63dc +27 
* * 
+6 -38 88
+3 * 88
+3 * 88
+3 * 88
+3 +2 88
+3 * 88
+6 -46 88
+4 * 88
jump=88 0x62c1 +32 
* * 
+7 +25 63 63 0 1 0 0 1
+5 * 63
+2 +1 63 63
+4 * 63
+7 * 63 63
+4 * 63
+4 * 63
+4 * 63 63
+4 * 63 63
+7 * 63
jcnd=63/63 +55 +6 
* * 
+55 +6 63 63 0 1 0 0 1
+7 * 63 63
+7 +2 63
+5 * 63 63
+7 -2 63
+3 * 63 0 63 1 0 0 1
+4 +2 63
+3 * 63 0 63
cfi=(49)
cfn=(152)
calls=63 0x1cbf0 34 
* * 798 63 56 1 0 0 1
+5 * 63
+2 +3 63
+5 -3 63
jcnd=56/63 +40 +3 
* * 
+2 +1 7 7 0 0 1 0 0 1
+6 +2 7
+2 -2 7
+5 +2 7
+5 * 7
+3 * 7
+3 * 7
+5 * 7
+5 * 7
+4 * 7 0 7
+5 -37 7
+4 * 7
jump=7 0x62c1 +32 
* * 
-9 +37 56 0 56
+5 -37 56 0 0 1 0 0 1
+4 * 56
jump=56 0x62c1 +32 
* * 

fn=(126) _dl_map_object_from_fd
0x6800 808 8 0 8 1 0 0 1
+1 * 8
+3 * 8 0 8
+2 * 8 0 8
+2 * 8 0 8
+2 * 8 0 8
+2 * 8
+3 * 8 0 8
+1 * 8
+2 * 8
+7 * 8 0 8 0 0 1 0 0 1
+7 +10 8 8
+4 -10 8 0 8 0 0 1 0 0 1
+7 +10 8
+2 -10 8 0 8
+6 * 8 0 8
+7 * 8 0 8 1 0 0 1
+7 +10 8 0 8 0 0 1 0 0 1
cfi=(31)
cfn=(92)
calls=8 0x10db0 49 
* * 64 24
fi=(40) /build/glibc-OTsEL5/glibc-2.27/elf/../sysdeps/posix/dl-fileid.h
+5 37 8
+7 * 8
+2 * 8
fe=(24)
+5 818 8 0 8
fi=(40)
+7 37 8 0 8
cfi=(41)
cfn=(130)
calls=8 0x1cc30 -3 
* * 80 8 0 2 0 0 2
+5 * 8
+2 * 8
+6 +4 8 8
fe=(24)
+7 834 8
fi=(40)
+7 40 8 8
+7 +1 8 0 8 1 0 0 1
fe=(24)
+7 834 8 8
+4 * 8
+4 * 8
+4 * 8 8
+4 * 8
+3 * 8
jcnd=8/8 +22 +1 
* * 
+9 * 44 44
+4 * 44
+3 * 44
jcnd=8/44 0x6938 +18 
* * 
+6 +1 44 44
+7 * 44
fi=(40)
+2 49 44 44 0 0 1 0 0 1
+7 * 44
jfi=(24)
jcnd=16/44 -29 834 
* * 
+2 * 28 28 0 1 0 0 1
+7 * 28 28
+7 * 28
jfi=(24)
jcnd=28/28 -45 834 
* * 
fe=(24)
+84 1346 8
+4 * 8
+3 * 8 8
+1 * 8 8
+2 * 8 8
+2 * 8 8
+2 * 8 8
+2 * 8 8
+1 * 8 8
+6 852 8 8 0 1 0 0 1
+5 * 8 0 0 1 0 0 1
+6 +24 8 8
+3 * 8
+3 * 8 0 8
+6 * 8
+6 +10 8 8
+7 * 8
+6 +22 8 8
+7 * 8 8
+3 * 8
+2 * 8
+6 +32 8
+3 * 8
+6 819 8 0 8 1 0 0 1
+7 943 8 8
+4 * 8 8
+4 * 8
+3 * 8 8
+3 * 8 8
+7 * 8 8
+7 * 8 0 8
cfi=(17)
cfn=(38)
calls=8 0xc090 59 
* * 2996 593 410 4 8 65 4 8 65
+5 +1 8
+3 -1 8
+3 +1 8
+6 +11 8 8
+7 * 8 8
+4 +5 8 8
+4 -5 8 0 8 1 0 7 1 0 7
+7 +1 8 8
+4 +5 8
+5 -5 8 0 8
+7 +1 8 8
+4 +2 8
+8 -2 8 0 8
+7 +2 8
+3 * 8
+4 +1 8
+4 * 8 8
+3 * 8
+6 +20 8 0 0 1 0 0 1
+4 -2 8 0 8
+7 +10 8
+3 -8 8
+4 * 8
+4 * 8
+6 * 8
+3 * 8
+5 * 8
+4 +8 8
+3 -8 8
+8 * 8 0 8
+7 * 8 0 8
+7 +8 8 0 0 1 0 0 1
+6 +97 8 8
+3 982 8
+3 -6 8 0 8
+7 1085 8
+3 981 8
+3 -5 8 0 8
+11 * 8
+3 1085 8
+6 * 8 0 8
+6 * 8
jump=8 +75 -96 
* * 
+6 -96 24
+6 * 24
jcnd=8/24 0x6cc0 1092 
* * 
+6 * 16
+6 * 16
jcnd=8/16 0x6ca0 1096 
* * 
+6 * 8
+3 * 8
+6 * 8
+7 -1 8
+8 * 8
+4 * 8
+3 * 8
+5 * 8
+3 * 8
-23 * 48
+8 * 48
+4 * 48
+3 * 48
+5 * 48
+3 * 48
jcnd=8/48 0x6cd8 1101 
* * 
+6 +1 56 56 0 1 0 0 1
+4 * 56
+3 * 56
+6 * 56
jcnd=24/56 -82 * 
* * 
+2 * 32
+3 * 32
jcnd=16/32 0x6b40 +23 
* * 
+2 * 16
+3 * 16
jcnd=8/16 -52 -1 
* * 
+2 +6 8 8
+6 * 8
+2 +5 8 8
+5 * 8 0 8
+4 +1 8 8
+5 * 8
+4 * 8 0 8
+7 * 8
jump=8 -87 -13 
* * 
+73 +11 16 16 0 1 0 0 1
+7 * 16 16
+5 * 16
+4 * 16
+3 * 16
+6 +5 16 16
+5 * 16 16
+5 * 16
+4 * 16
+3 * 16
+3 * 16
+3 * 16
+6 * 16
+4 +9 16
+3 * 16
+3 * 16 0 0 1 0 0 1
+3 -1 16
+4 * 16
+4 * 16 16
+7 +1 16 0 16 0 0 3 0 0 3
+3 +1 16 16
+5 * 16
+3 +2 16 16
+5 -2 16
+3 +1 16 0 16
+4 -1 16
+3 +3 16
+3 +4 16
+4 -7 16 0 16
+4 +3 16 0 16
+4 -1 16 0 16
+4 +5 16 0 0 1 0 0 1
jcnd=8/16 +18 +6 
* * 
+2 +1 8 8
+3 * 8 8
+4 * 8
+5 * 8
+4 +5 8 8
+5 * 8
+5 -1 8
+4 -14 8
+3 +14 8
+4 +1 8
+3 * 8
+3 * 8
+2 * 8 8
+7 * 8
+3 * 8 0 8
+4 +10 8
jump=8 0x6aa0 -62 
* * 
-43 -10 8 8
+5 * 8
+5 -1 8
+4 -14 8
+3 +14 8
+4 +1 8
+3 * 8
+3 * 8
+2 * 8 8
+7 * 8
+3 * 8 0 8
+4 +10 8 0 0 1 0 0 1
jump=8 0x6aa0 -62 
* * 
0x6ca0 +46 8 8 0 1 0 0 1
+5 * 8 0 8 0 0 2 0 0 2
+7 +1 8 8
+5 * 8 0 8
+7 +1 8
jump=8 0x6aa0 988 
* * 
+8 -6 8 8 0 1 0 0 1
+5 * 8 0 8
+7 +1 8
jump=8 0x6aa0 988 
* * 
+12 +8 8
+3 * 8
+3 * 8 8
+7 * 8
+6 956 8 8
+7 1110 8
+3 956 8 0 8
+6 1110 8 0 0 1 0 0 1
+6 +10 8 8
+7 * 8 8
+7 * 8
fi=(43) /build/glibc-OTsEL5/glibc-2.27/elf/./dl-map-segments.h
+5 50 8 8
+7 +6 8 8
fe=(24)
+7 1120 8
+4 * 8 0 8
+7 * 8 8
+8 * 8 8
fi=(43)
+5 56 8 8 0 1 0 0 1
+7 * 8 8
+8 * 8
fe=(24)
+5 1120 8
fi=(43)
+3 50 8
fe=(24)
+3 1120 8
+3 * 8 0 8
fi=(43)
+7 56 8 0 8
+6 * 8 0 8
cfi=(42)
cfn=(132)
calls=8 0x1cf00 -12 
* * 296 64 48 1 0 6 1 0 6
+5 +4 8
+4 -4 8 0 8
+7 +4 8 8
+8 * 8 0 0 1 0 0 1
+6 +3 8 8
+7 * 8
+4 +1 8
+3 +2 8
+3 -2 8 0 8
+3 -1 8 0 8
+7 +3 8
jcnd=8/8 0x6f00 +7 
* * 
+6 +14 8 0 8
+7 * 8 8
fi=(45) /build/glibc-OTsEL5/glibc-2.27/elf/./dl-load.h
+7 +10 8 8
+7 * 8
-7 * 8 8
+7 * 8
jcnd=8/8 +17 +3 
* * 
+2 +1 8 8
+5 * 8 8 0 1 0 0 1
+3 * 8 0 8
+7 +2 8 8
+8 * 8
jcnd=8/8 0x6f44 +1 
* * 
-8 * 8 8
+8 * 8
fi=(43)
+6 +11 16 16
+5 * 16 16
+5 * 16
+3 * 16
jcnd=8/16 0x6e58 +6 
* * 
+2 +45 16
+4 -59 16
+4 * 16
+4 * 16 16
+7 * 16
+3 * 16 0 0 1 0 0 1
jfi=(24)
jcnd=8/16 0x7020 1132 
* * 
+6 +2 8 8
+5 * 8 8
+4 * 8 8
+5 * 8
+3 * 8 0 8
+6 * 8
+2 +2 8
+3 * 8 8
+3 * 8 8
+5 * 8 8
+7 * 8
+2 * 8
+5 * 8
+3 * 8 0 8
cfi=(42)
cfn=(132)
calls=8 0x1cf00 -50 
* * 264 56 48
+5 * 8
+4 * 8 0 0 1 0 0 1
jfi=(45)
jcnd=8/8 0x6db1 -4 
* * 
+24 +16 8 8
+3 +2 8 8
+7 -2 8
+3 +1 8
+3 +2 8
+3 -1 8
+5 +1 8
+3 -1 8
+3 * 8
+3 * 8
+4 +8 8
+3 * 8 0 0 1 0 0 1
+2 +3 8 8
+7 * 8
+6 +8 8
+3 * 8
+2 * 8
+3 * 8
+3 * 8 0 8
+7 * 8 0 8
+7 * 8 0 8
cfi=(28)
cfn=(76)
calls=8 0x1fa20 -22 
* * 1987 8 1082 2 0 263 2 0 263
+5 * 8 8
+7 * 8 8
+7 +6 8
+3 * 8 0 0 1 0 0 1
jcnd=4/8 0x6de6 +12 
* * 
+6 +4 4 4
+6 * 4
+3 * 4
+3 * 4
+3 * 4
+6 * 4
+5 * 4
+3 * 4 0 4
cfi=(42)
cfn=(132)
calls=4 0x1cf00 -97 
* * 132 28 24
+5 +3 4
+4 * 4
jcnd=4/4 0x6de6 +5 
* * 
+22 -71 8 8 0 1 0 0 1
+7 * 8
+4 * 8
+4 * 8 8
+8 * 8 8
+7 * 8 8
+5 * 8
+2 * 8
+3 * 8
+3 * 8 0 8
cfi=(44)
cfn=(136)
calls=8 0x1cff0 +5 
* * 40 8 0 1 0 0 1
+5 * 8
+2 * 8
jcnd=8/8 0x6da3 +7 
* * 
fi=(45)
+18 +21 8 8 0 1 0 0 1
+7 * 8 8
+5 * 8 8
+4 * 8
+3 * 8
+6 +2 8 8
+4 -1 8 8
+5 * 8 8
+4 * 8
+3 +1 8
+8 -1 8
+3 +1 8
+3 * 8
+4 -1 8 0 0 1 0 0 1
+3 * 8
+6 +3 8
+3 * 8
+3 * 8 0 8
+7 * 8
jfi=(43)
jump=8 0x6dd7 +6 
* * 
fe=(24)
0x7020 1132 8 8 0 1 0 0 1
+4 * 8 8
+7 * 8
+3 * 8
+6 +9 8 8
+3 * 8
fi=(3)
+3 42 8
fe=(24)
+3 1141 8 0 8 1 0 0 1
fi=(3)
+4 42 8
+6 +6 8 8 0 0 8 0 0 8
+3 -2 8
+4 +2 8
+3 * 8
+6 +15 8
+6 +5 8
+6 +3 8
+6 -1 8
+10 -3 8
+6 -3 8
+6 * 8 0 0 1 0 0 1
jump=8 +38 -14 
* * 
+9 * 32
+3 * 32
+3 * 32
+3 * 32 0 32 0 0 22 0 0 22
+4 +10 32
+4 -26 32 32 0 0 8 0 0 8
+3 * 32
+3 * 32
jcnd=8/32 0x71a0 +33 
* * 
-14 +16 184 0 184 0 0 30 0 0 30
+4 +10 184
+4 -26 184 184 0 0 45 0 0 45
+3 * 184
+3 * 184
-10 +26 8
+4 -26 8 8 0 0 3 0 0 3
+3 * 8
+3 * 8
+6 +2 224
+4 * 224
jcnd=184/224 -24 +14 
* * 
+2 +13 40
+3 * 40
+3 * 40
+4 * 40
jcnd=32/40 -45 +1 
* * 
+2 +2 8
+3 * 8
+2 * 8
+3 * 8 0 0 1 0 0 1
jcnd=8/8 0x747c +3 
* * 
0x71a0 +16 8 0 0 1 0 0 1
+3 * 8
+2 +20 8 8
+4 * 8
+3 * 8
jcnd=8/8 +6 +1 
* * 
+6 +1 8 8
+4 * 8
+3 * 8
+2 * 8 0 8
+4 +1 8 8 0 1 0 0 1
+4 * 8
+3 * 8
+2 * 8 0 8
+4 +1 8 8
+4 * 8
+3 * 8
+2 * 8 0 8
+4 +2 8 8
+4 * 8
+3 * 8
+2 * 8 0 8
+4 +5 8 8
+7 * 8
+3 * 8
jcnd=1/8 +6 +1 
* * 
+2 * 7 0 7
+4 +1 7 7 0 0 1 0 0 1
+7 * 7
+3 * 7 0 0 1 0 0 1
jcnd=1/7 +6 +1 
* * 
-10 * 1 1
+7 * 1
+3 * 1
+2 * 7 0 7
+4 +1 7 7
+7 * 7
+3 * 7
-10 * 1 1
+7 * 1
+3 * 1
+2 * 8 0 8
+4 +6 8 8
+7 * 8
+3 * 8
jcnd=1/8 +13 +12 
* * 
+2 +5 7 7
+5 * 7
+6 +7 8 8
+5 * 8
+2 +1 8 8
+7 * 8 8
+5 * 8 0 0 1 0 0 1
+6 +18 8 8
+7 * 8
+3 * 8
jcnd=6/8 +45 +14 
* * 
+2 +5 2 2
+4 +2 2
+3 -2 2 0 2
+6 +2 2
jcnd=2/2 +9 +2 
* * 
+9 +2 2
+3 * 2
jcnd=2/2 +9 +2 
* * 
+9 +2 2
+3 * 2
jcnd=1/2 0x75b3 +1 
* * 
+6 +3 8 8 0 1 0 0 1
+7 * 8
+3 * 8
jfi=(24)
jcnd=5/8 0x7750 369 
* * 
+6 +10 3 3
+7 -8 3 3
+4 * 3
+2 * 3 0 3
+6 * 3
+2 +8 3
+6 +5 3
+3 * 3
jcnd=2/3 0x75a0 +1 
* * 
+6 +3 8 8
+8 * 8
jfi=(24)
jcnd=7/8 +13 1148 
* * 
+2 +2 1 0 1
fe=(24)
+11 1148 1
+3 * 1
jcnd=1/1 +13 +15 
* * 
-3 * 7 0 0 1 0 0 1
+3 * 7
jcnd=7/7 +13 +15 
* * 
+13 +15 8 8
+7 * 8
+3 * 8
+6 +19 8 8
+3 * 8 0 8
+7 +2 8 8
+6 * 8
+2 * 8 8
+7 * 8 0 0 1 0 0 1
+2 * 8
+6 +54 8 8 0 0 8 0 0 8
+7 * 8
+3 * 8
jcnd=8/8 +12 +4 
* * 
+12 +4 8 8
+6 * 8 0 8
cfi=(46)
cfn=(142)
calls=8 0x1ced0 27 
* * 40 8 0 1 0 0 1
+5 * 8
+2 * 8
+6 +9 8 8
+7 * 8
+6 +2 8 8 0 1 0 0 1
+7 * 8 8
+3 * 8
+3 +2 8 8
+7 -2 8 0 8
+7 +2 8
+6 +16 8
+3 * 8 0 8
cfi=(6)
cfn=(10)
calls=8 0xbf50 939 
* * 184 56 48 0 8 0 0 8
+5 +4 8 8
+4 * 8
+2 +1 8 8
+8 * 8
+6 +17 8 8 0 1 0 0 1
+7 * 8
jcnd=7/8 +9 +9 
* * 
+2 +1 1 0 1
+7 +8 1 1
+8 -5 1 1
+7 * 1 0 1
+7 * 1 0 1
+7 +5 1
-29 * 7 7
+8 -5 7 7
+7 * 7 0 7
+7 * 7 0 7
+7 +5 7
+6 +10 8 8
+8 * 8
+6 +10 8 8
+4 * 8 0 0 1 0 0 1
+3 * 8 0 8
cfi=(17)
cfn=(50)
calls=8 0xc000 31 
* * 424 116 88
+5 +4 8 8
+6 * 8
+2 * 8
jcnd=8/8 0x6921 +20 
* * 
fi=(3)
0x747c 68 8 0 0 1 0 0 1
+3 * 8 0 0 1 0 0 1
+3 * 8
+4 * 8
+6 +3 8
+3 * 8
+3 * 8
+4 * 8
+6 +1 8
+3 +1 8
+10 * 8
+4 * 8 0 8
+4 * 8
jump=8 0x7095 +1 
* * 
0x75a0 180 2 2 0 1 0 0 1
+7 * 2 0 2
+7 * 2
jump=2 0x72b1 +2 
* * 
+5 -18 1 0 1
+7 * 1
jump=1 0x727d +2 
* * 
fe=(24)
0x7750 369 5 5 0 1 1 0 1 1
+6 * 5
jfi=(3)
jump=5 0x72b1 182 
* * 

fn=(66)
0x8a40 623 1 0 1 1 0 0 1
+1 +13 1
+7 * 1
+7 -13 1
+3 * 1 0 1
+2 * 1 0 1
+2 * 1 0 1
+2 * 1 0 1
+2 * 1 0 1
+1 * 1
+4 * 1 0 1
+4 +13 1 1
+7 * 1 1
+7 * 1 0 1
cfi=(25)
cfn=(68)
calls=1 0xf620 42 
* * 711 97 97 26 2 6 26 2 6
+5 +5 1
+5 -5 1 0 1 1 0 1 1 0 1
+7 +5 1 0 1
cfi=(19)
cfn=(46)
calls=1 0x1b4b0 50 
* * 18 3 3
* * 1 1
+5 +1 1
+3 -2 1 0 1
+7 +2 1
+6 * 1
+3 +8 1 1
+7 -1 1
+10 +1 1 0 1
+4 * 1
+4 * 1
+4 * 1 0 1
+4 -1 1
+3 * 1 0 0 1 0 0 1
+3 * 1
+4 +4 1
+4 * 1
+3 * 1
+4 * 1 0 1
cfi=(19)
cfn=(46)
calls=1 0x1b4b0 50 
* * 18 3 3
* * 1 1
+5 +2 1
+3 -2 1
+3 * 1 0 1
+3 +2 1
+6 +7 1 0 1
+7 +10 1
+7 -11 1 0 1
+10 +12 1 0 1 1 0 1 1 0 1
+8 +3 1 0 1 0 0 1 0 0 1
+8 +1 1
+7 -5 1 0 1
+4 +3 1
+7 +1 1
+7 -1 1 0 1
+4 +9 1
+8 -20 1
+2 +17 1 1
+5 +3 1 0 1
+4 -3 1
+2 * 4 4 0 1 0 0 1
+4 * 4
+4 * 4
+2 * 4 0 4
cfi=(28)
cfn=(76)
calls=4 0x1fa20 109 
* * 48 4 8 2 0 2 2 0 2
+5 +3 4
+4 * 4
+4 * 4
jcnd=1/4 +91 +11 
* * 
+2 * 3 3
+4 * 3
+4 * 3
+3 * 3
+3 * 3 0 3
+5 -12 3
+7 -2 3 0 3
+3 +10 3 3 0 0 2 0 0 2
+5 -7 3 0 3 1 0 2 1 0 2
+8 -1 3 0 3
+4 +4 3 3
+4 -1 3 0 3
+4 +1 3 0 3
+4 +1 3
+5 +3 3
+6 +1 3 3
+5 -4 3
+3 +4 3
jcnd=3/3 0x8b3e * 
* * 
+12 +14 1 1
+7 -11 1 0 1
+8 +6 1 0 1 1 0 1 1 0 1
+11 +1 1 0 1
+8 +5 1
+3 * 1
+2 +2 1 1
+7 * 1
+3 * 1
+2 * 1
+6 +2 1 1
+7 * 1
+3 * 1
jcnd=1/1 0x8c58 +19 
* * 
+57 +38 1 1 0 1 0 0 1
+4 * 1
+3 * 1
+2 * 1 1
+3 * 1
jcnd=1/1 0x8ca8 +2 
* * 
+32 -19 1 1 0 1 0 0 1
+7 -2 1
+7 * 1 0 1
+7 +2 1
+3 * 1
jcnd=1/1 0x8d78 +14 
* * 
+56 +21 1 0 0 1 0 0 1
+3 * 1
+3 * 1 0 1
cfi=(13)
cfn=(28)
calls=1 0x1f2f0 79 
* * 68 17 0 5 1 0 5 1
+5 * 1
+4 * 1
+4 * 1
+3 * 1 0 0 1 0 0 1
+4 * 1
+3 * 1
+5 * 1
+4 * 1 0 1
cfi=(20)
cfn=(48)
calls=1 0x1f840 129 
* * 26 9 8 1 0 0 1
+5 * 1
+3 +5 1 1
+3 * 1
+2 * 1
+6 * 1
+3 -1 1
+5 * 1
+7 +2 1
+3 * 1
+4 * 1
+2 * 1
jcnd=1/1 +12 -1 
* * 
-9 * 117
+3 * 117
+4 * 117
+2 * 117
jcnd=113/117 +12 -1 
* * 
+2 * 4
+4 * 4
+3 * 4
+3 -1 4
+4 * 4 4
+3 * 4
+2 * 4
jcnd=4/4 -30 +1 
* * 
-9 * 114 0 0 1 0 0 1
+4 * 114 114
+3 * 114
+2 * 114
jcnd=113/114 -30 +1 
* * 
+2 * 1
+8 +5 1 0 1
cfi=(19)
cfn=(46)
calls=1 0x1b4b0 50 
* * 18 3 3
* * 1 1
+5 +1 1
+3 -2 1 0 1
+7 +2 1
+6 +6 1
+7 * 1
+7 * 1
+3 * 1
+3 * 1
+3 * 1
+3 * 1 0 1
cfn=(78) fillin_rpath
calls=1 0x8470 389 
* * 3659 919 240 34 1 11 34 1 11
+5 +3 1 1
+7 * 1 1
+4 * 1
+2 +6 1 0 1
+10 +4 1
+4 * 1 1
+1 * 1 1
+2 * 1 1
+2 * 1 1
+2 * 1 1
+2 * 1 1
+1 * 1 1
+7 -37 1 0 1 1 0 0 1
+7 * 1 0 0 1 0 0 1
jump=1 0x8c2c +5 
* * 

fn=(82) expand_dynamic_string_token
0x8340 320 5 0 5 1 0 0 1
+2 * 5 0 5
+2 * 5 0 5
+1 * 5 0 5 0 0 1 0 0 1
+1 * 5
+3 * 5
+3 +10 5
+5 * 5
+3 -10 5
+4 +10 5 0 5
cfi=(29)
cfn=(84)
calls=5 0x1f0d0 24 
* * 187 24 0 6 0 0 6
+5 * 5
+3 * 5
+2 +15 5
+4 -11 5
+3 +11 5 5
+1 * 5 5
+1 * 5 5
+2 * 5 5
+2 -11 5
cfi=(30)
cfn=(86)
calls=5 0x1d310 40 
* * 388 70 51 2 0 3 2 0 3

fn=(114)
0x8e00 2080 9 0 9 1 0 0 1
+2 * 9 0 9 0 0 2 0 0 2
+2 * 9 0 9
+2 * 9 0 9 0 0 3 0 0 3
+2 * 9 0 9
+1 * 9 0 9 0 0 2 0 0 2
+1 * 9
+7 +8 9
+3 -8 9 0 9 0 0 2 0 0 2
+4 * 9 0 9
+4 +8 9
+6 +1 9 9 0 0 1 0 0 1
+7 * 9
+3 * 9
+7 * 9
+6 +3 9
+4 * 9
+3 * 9 0 0 1 0 0 1
+3 * 9
+3 * 9
+4 * 9 9
+4 * 9
+3 * 9
jcnd=9/9 +28 +5 
* * 
+15 * 54 54
+4 * 54
+3 * 54
jcnd=9/54 0x8f10 +33 
* * 
+6 +5 54 54
+8 * 54
+2 * 54
+3 * 54
+2 * 54
+2 * 54
+2 * 54 0 0 1 0 0 1
+2 +2 54
+3 * 54
+3 * 54 0 54
cfi=(36)
cfn=(116)
calls=54 0x11700 282 
* * 5632 1162 225 11 2 1 11 1 1
+5 * 54
+2 * 54
+2 +4 54 54
+8 * 54
+2 +1 54 54
+7 * 54
+3 * 54
jcnd=17/54 -69 -12 
* * 
+2 +3 37 37
+4 +1 37 37
+4 +1 37
+3 -1 37 37
+4 +1 37 0 37
cfi=(21)
cfn=(56)
calls=37 0x1d360 144 
* * 1392 254 0 9 9 0 9 9
+5 * 37
+2 * 37
jcnd=37/37 -93 -17 
* * 
+59 2391 8 0 0 1 0 0 1
+7 * 8
+3 * 8 8
+1 * 8 8
+1 * 8 8
+2 * 8 8
+2 * 8 8
+2 * 8 8
+2 * 8 8
+4 2125 9 9 0 1 0 0 1
+7 * 9
+4 * 9
+6 +10 9 9
+7 * 9
+3 * 9
+6 -53 9 0 9 0 0 1 0 0 1
+9 +89 9
+5 * 9 0 0 1 0 0 1
+3 -2 9 0 9 0 0 2 0 0 2
+5 +2 9 0 9
cfi=(29)
cfn=(84)
calls=9 0x1f0d0 24 
* * 303 39
+5 * 9
+3 * 9
jcnd=8/9 0x9110 * 
* * 
+6 2322 1
+3 * 1
+6 * 1
+3 * 1
+3 * 1 0 1
cfn=(82)
calls=1 0x8340 320 
* * 154 26 16 0 0 1 0 0 1
+5 * 1
+3 -2 1 0 1 0 0 1 0 0 1
+5 +3 1
+3 * 1
+7 * 1
+3 * 1 0 0 1 0 0 1
+6 * 1 0 1
+5 +4 1
+5 * 1
+4 * 1 0 1
+2 * 1
+2 * 1
+3 * 1
+3 * 1
+3 * 1
+5 * 1 0 1
cfn=(118)
calls=1 0x5bc0 1598 
* * 208 46 15 16 8 2 16 8 2
+5 +3 1 1
+1 * 1
+3 -3 1
+2 +3 1 1
+1 * 1 1
+5 * 1
+6 +12 1
+3 * 1 0 0 1 0 0 1
+5 * 1
+4 +46 1 1
+7 +1 1
+3 * 1
+3 * 1
+3 -1 1 0 1
+5 +1 1 0 1
+1 * 1
+5 * 1 0 1
+1 * 1 0 1
+2 * 1 1
+4 * 1 0 1
+1 * 1 1
+8 * 1 1
+5 * 1 0 1
cfn=(126)
calls=1 0x6800 808 
* * 1407 307 188 53 11 25 53 11 25
-48 -1 7 7
+7 +1 7
+3 * 7
+3 * 7
+3 -1 7 0 7
+5 +1 7 0 7
+1 * 7
+5 * 7 0 7
+1 * 7 0 7
+2 * 7 7
+4 * 7 0 7
+1 * 7 7
+8 * 7 7
+5 * 7 0 7
cfn=(126)
calls=7 0x6800 808 
* * 12116 2260 2404 4 80 376 4 80 376
+5 * 8
+4 * 8 0 0 1 0 0 1
+3 * 8
jump=8 0x8ef8 +2 
* * 
0x9110 2171 8 8 0 1 0 0 1
+7 +4 8
+3 * 8 0 8
cfi=(13)
cfn=(28)
calls=8 0x1f2f0 79 
* * 200 28
+5 * 8
+4 +2 8
+4 -2 8 0 8
+5 +2 8
+6 +7 8
+3 * 8
+6 * 8 8 0 1 0 0 1
+9 * 8
jcnd=8/8 0x9602 +4 
* * 
+16 +36 8
+4 * 8
+7 * 8
+3 * 8
+5 * 8
+3 * 8 0 8
+1 * 8 0 8
+2 * 8 0 8
+2 * 8 8
+5 * 8
+8 * 8 0 0 1 0 0 1
+8 * 8 0 8
cfn=(150)
calls=8 0x61c0 1932 
* * 19427 5044 3049 17 8 10 17 8 10
+5 +6 8
+4 * 8
+3 -6 8
+2 +6 8
jcnd=1/8 +97 +7 
* * 
+2 * 7
+3 * 7
+2 601 7 7
+8 * 7
+4 * 7
jcnd=7/7 0x9359 2249 
* * 
+78 2233 1 0 0 1 0 0 1
+3 * 1
+6 +81 8 8 0 1 0 0 1
+7 * 8
+6 +28 8
+7 * 8
+5 * 8
+5 * 8
+4 +2 8
+3 * 8
jcnd=7/8 0x8fc7 +44 
* * 
+6 * 1
jump=1 +37 +2 
* * 
+37 +2 1 1 0 1 0 0 1
+4 * 1
+2 * 1
jcnd=1/1 0x932f +32 
* * 
0x932f +32 1 1 0 1 0 0 1
+5 * 1
jcnd=1/1 0x97fc +6 
* * 
+37 2249 7 0 0 1 0 0 1
+7 -14 7 0 7
+9 +14 7
+6 +2 7 7
+7 * 7
+3 * 7
+2 +4 7
+3 * 7 0 7 1 0 0 1
cfi=(50)
cfn=(154)
calls=7 0x18060 187 
* * 11152 1760 355 30 99 5 30 99 5
+5 +2 7
+3 -2 7
+3 +2 7
jcnd=1/7 0x93fa +50 
* * 
+2 +4 6
+3 * 6
+6 +8 6 6
+9 * 6
+3 * 6
+6 +23 6
+5 * 6
+4 * 6
+3 * 6 0 6
+2 * 6
+3 * 6
+5 * 6
+3 * 6 0 0 1 0 0 1
+5 * 6 0 6
+5 * 6 0 6
cfn=(118)
calls=6 0x5bc0 1598 
* * 1262 277 90 2 1 0 2 1
+5 +4 6 6
+1 * 6
+3 -4 6
+2 +4 6 6
+2 * 6 6
+5 * 6
+2 +1 6 0 6
+5 * 6
jump=6 0x91fc +17 
* * 
+24 +10 1
+3 * 1
+3 * 1 0 0 1 0 0 1
+6 +1 1 1
+7 * 1
+5 * 1
+6 +1 1 1
+8 * 1
+5 * 1
+6 +1 1
+4 * 1
+7 * 1
+3 * 1
+5 * 1 0 1
+1 * 1 0 1 1 0 0 1
+2 * 1
+3 * 1 0 1
+1 * 1 1
+5 * 1
+8 * 1
+8 * 1 0 1
cfn=(150)
calls=1 0x61c0 1932 
* * 5252 1432 840 0 7
+5 * 1
+4 * 1
+2 * 1
jump=1 0x91fc +4 
* * 
+56 2209 8 0 0 1 0 0 1
+3 * 8
+2 * 8 8
+7 * 8 0 8
+4 * 8
+3 * 8
+2 * 8
+2 601 8 8
+7 * 8
+4 * 8 0 0 1 0 0 1
jcnd=8/8 +88 2219 
* * 
+88 2219 8 8 0 1 0 0 1
+8 * 8
+6 +1 8
+3 * 8
jcnd=8/8 0x9154 * 
* * 
0x9602 -32 8 8 0 1 0 0 1
+7 +1 8
+2 * 8 0 8
+5 -1 8
+3 * 8
+2 * 8 0 8
+5 +8 8
+5 * 8 0 8
+5 * 8
+5 * 8 0 8
+5 * 8
+5 * 8 0 8
+5 * 8
jump=8 +84 601 
* * 
+72 -3 8 8
+7 * 8
+3 * 8
jcnd=8/8 0x96f0 610 
* * 
+2 601 8 8 0 1 0 0 1
+7 * 8
+4 * 8
jcnd=8/8 -23 2193 
* * 
+89 +9 8 0 0 1 0 0 1
+2 * 8 8
+5 * 8 8
+5 2208 8
+2 * 8 0 0 1 0 0 1
+6 * 8
jump=8 0x949d +1 
* * 
0x97fc 2384 1 1 0 1 0 0 1
+6 * 1
+7 * 1
+2 * 1
+3 * 1 0 1
cfi=(34)
cfn=(164)
calls=1 0x1bab0 109 
* * 176 40 26 6 2 1 6 2 1
* * 1 1

fn=(78)
0x8470 389 1 0 1 1 0 0 1
+2 * 1 0 1
+2 * 1 0 1
+2 * 1 0 1
+2 * 1
+3 * 1 0 1
+1 * 1 0 1
+1 +2 1
+2 -2 1 0 0 1 0 0 1
+4 * 1
+5 * 1 0 1
+5 * 1 0 1
+5 * 1 0 1
+5 * 1 0 1
+5 * 1 0 1
+5 * 1 0 1
+5 * 1
+10 +4 1 1
+5 * 1 1
+5 * 1 0 1
cfi=(19)
cfn=(80)
calls=1 0x1b930 265 
* * 706 220 2 3 0 0 3
-10 * 5 5
+5 * 5 5
+5 * 5 0 5
cfi=(19)
cfn=(80)
calls=5 0x1b930 265 
* * 1210 377 7
+5 * 6 0 0 1 0 0 1
+3 * 6
+3 * 6
jcnd=1/6 0x87f8 +97 
* * 
+6 +7 5 5
+4 * 5
jcnd=1/5 0x87a8 -3 
* * 
+6 +2 4 4
+5 * 4
+3 * 4 0 4
cfn=(82)
calls=4 0x8340 -82 
* * 516 88 60 9 0 3 9 0 3
+5 +4 4
+3 -4 4
+3 +4 4
+2 +5 4
+3 * 4 0 4
cfi=(13)
cfn=(28)
calls=4 0x1f2f0 79 
* * 100 14 0 0 1 0 0 1
+5 +1 4
+3 * 4
+6 +7 4
+4 * 4 0 0 1 0 0 1
+2 * 4 4
+6 * 4
+4 * 4
jcnd=2/4 +32 * 
* * 
+2 * 2
jump=2 0x87dd * 
* * 
+11 * 2 2
+6 * 2
+4 * 2
jcnd=2/2 0x87e0 +5 
* * 
+9 * 2
+4 * 2
jcnd=2/2 -23 * 
* * 
+33 +9 5 5 0 1 0 0 1
+7 * 5
+3 * 5
+2 * 5
+3 * 5
jump=5 +18 +1 
* * 
+9 * 30 30
+4 * 30
+3 * 30
jcnd=5/30 +89 +19 
* * 
+2 +1 30 30
+4 * 30
jcnd=28/30 -13 -1 
* * 
+2 * 2 2
+4 * 2
+3 * 2
+3 * 2 0 2
cfi=(16)
cfn=(36)
calls=2 0x1ecd0 24 
* * 91 12 0 5 0 0 5
+5 * 2
+2 * 2
jcnd=2/2 -32 -1 
* * 
+47 +57 5 5 0 1 0 0 1
+4 * 5 0 5
cob=(2) ???
cfi=(18) ???
cfn=(88) 0x0000000004000f00
calls=5 0x4000f00 0 
* * 25 15 0 1 0 0 1
+5 * 5
jump=5 0x84b0 -93 
* * 
+8 -39 5 5 0 1 0 0 1
+6 * 5
jcnd=5/5 0x87c0 * 
* * 
+25 +4 5 5
+7 * 5
+8 * 5
+4 * 5 0 5
+5 * 5 0 0 1 0 0 1
+4 * 5 5
+5 * 5 0 5
+5 -1 5 0 5
cfi=(19)
cfn=(46)
calls=5 0x1b4b0 50 
* * 90 15 15
* * 5 5
+5 +3 5
+3 * 5 5
+5 * 5
+6 +5 5
+4 +1 5
+3 * 5
+3 -2 5 0 5
+5 * 5 0 5 0 0 3 0 0 3
+4 +2 5 0 5
cfi=(20)
cfn=(74)
calls=5 0x1f830 116 
* * 77 17 12 0 0 4 0 0 4
+5 +3 5 5
+7 -2 5 5 0 1 0 0 1
+5 -1 5 0 5 0 0 1 0 0 1
+3 +1 5 0 5
+4 +2 5
jcnd=4/5 +9 +6 
* * 
+2 +1 1 0 1
+7 +5 1
+2 * 1 1
+4 * 1
+4 * 1
+2 +1 1
+3 * 1
-15 -1 4
+2 * 4 4
+4 * 4
+4 * 4
+2 +1 4
+3 * 4
+6 * 5
+4 * 5
+5 * 5
+4 * 5
+3 * 5
+3 * 5
+4 * 5 0 0 1 0 0 1
+4 * 5
+4 * 5
+4 * 5
+3 * 5
+5 * 5
+2 * 5
+3 * 5
+2 * 5
+4 +1 5 0 5
+4 -1 5
+5 * 5
+2 * 5
+4 +1 5 0 5
+4 -1 5
+5 * 5
jcnd=5/5 +11 * 
* * 
+11 * 5 0 5 1 0 0 1
+4 * 5
+3 * 5
+5 * 5 5
+6 * 5
+3 * 5
+2 * 5
+3 * 5
+5 * 5
+4 * 5
+3 * 5
+4 * 5
+4 +1 5 0 5
+4 * 5
+3 * 5
+2 * 5
+3 * 5
+4 * 5 0 0 1 0 0 1
+3 * 5
+3 * 5
+2 -1 5
+4 +1 5 0 5
+5 -1 5
+3 * 5
+2 * 5
+4 +1 5 0 5
+5 -1 5
+3 * 5
jcnd=5/5 +49 +4 
* * 
+49 +4 5 5 0 1 0 0 1
+5 -1 5 5
+5 +1 5
+3 -1 5 0 5
+4 +1 5
jcnd=5/5 0x8829 +5 
* * 
+42 +8 5 0 5 1 0 0 1
+7 -1 5 0 5
+3 +4 5 0 5
+4 * 5
+4 * 5
jump=5 0x85b7 +2 
* * 
+8 -87 1
+3 -1 1 0 1
+8 * 1
jump=1 0x8550 +32 
* * 
+13 +51 5 0 5
+9 * 5
jump=5 0x85e7 +4 
* * 
+20 -28 2
+3 +5 2
+4 * 2 0 2
+5 * 2 0 2
+4 * 2
jump=2 0x8550 +4 
* * 
-13 * 2 0 0 1 0 0 1
+4 * 2 0 2
+5 * 2 0 2
+4 * 2
jump=2 0x8550 +4 
* * 
+11 +66 1 0 1
+8 +3 1
+4 * 1
+3 * 1 1
+1 * 1 1
+1 * 1 1
+2 * 1 1
+2 * 1 1
+2 * 1 1
+2 * 1 1
+24 -15 5 0 5 1 0 0 1
+8 * 5
jump=5 0x878e +3 
* * 

fl=(30)
fn=(86)
0x1d310 40 11 0 11 1 0 0 1
+1 * 11 0 11
+1 * 11
+3 * 11
+4 +1 11 0 11
cfi=(13)
cfn=(28)
calls=11 0x1f2f0 +38 
* * 338 49
+5 * 11
+4 +1 11
+3 * 11 0 11
cfi=(19)
cfn=(46)
calls=11 0x1b4b0 +8 
* * 198 33 33
* * 11 11
+5 +2 11
+3 * 11
+2 +4 11
+4 -1 11
+3 * 11
+3 +1 11 11
+1 * 11 11
+1 -1 11
+3 * 11
cfi=(20)
cfn=(48)
calls=11 0x1f840 +82 
* * 182 51 40 1 0 8 1 0 8

fl=(54)
fn=(170)
0x17c80 28 1 0 1 1 0 0 1
+1 * 1
+3 * 1 0 1 0 0 1
+2 * 1 0 1
+2 * 1 0 1
+2 * 1 0 1
+2 * 1 0 1
+1 * 1
+4 +2 1
+3 -2 1 0 1
+3 +2 1
jcnd=1/1 +17 +92 
* * 
+17 +92 1 0 1
+7 * 1
+2 * 1
+3 * 1
+3 * 1 0 1
+3 -88 1
+3 * 1 0 1 1 0 0 1
+7 * 1
+4 * 1
+3 * 1 0 1
+4 +1 1
+2 * 1
+6 -1 1
+4 -1 1
+3 +1 1
+4 * 1
+3 * 1
+3 * 1 0 1
+4 +1 1 0 1
cfi=(28)
cfn=(76)
calls=1 0x1fa20 +74 
* * 12 1 2
+5 * 1
+3 * 1
+2 * 1
+3 * 1
+4 * 1 0 1
+3 * 1 1 0 1 0 0 1
+4 * 1
+3 * 1 0 1
+3 * 1 0 1
+4 * 1
+4 * 1
+3 * 1 0 1
+7 * 1 0 1
+7 * 1
+3 * 1
+10 * 1
+4 +4 1 1
+4 * 1
+3 +3 1 1
+4 -3 1 0 1 1 0 0 1
+4 * 1 0 1
+4 +1 1 1
+4 * 1
+4 * 1 1
+3 +2 1
-34 -7 7
+4 +4 7 7
+4 * 7
+3 +3 7 7
+4 -3 7 0 7
+4 * 7 0 7
+4 +1 7 7
+4 * 7
+4 * 7 7
+3 +2 7
+6 +12 8 8
+4 * 8
jcnd=1/8 0x17e87 +61 
* * 
+6 * 7 7
+3 * 7 7
+7 * 7 7
+4 * 7 7
+7 * 7
+3 * 7
+3 +2 7 7 0 1 0 0 1
+4 * 7
+3 * 7 7
+7 +1 7
+3 * 7
jcnd=7/7 0x17e70 +33 
* * 
-17 -1 21 21
+4 * 21
+3 * 21 21 0 0 1
+7 +1 21
+3 * 21
jcnd=21/21 0x17e70 +33 
* * 
0x17e48 +61 7 7
+3 * 7
+2 * 7
+3 * 7
+3 * 7
+3 * 7 0 7
cfi=(28)
cfn=(76)
calls=7 0x1fa20 -9 
* * 99 7 14
+5 * 7
+3 * 7 7
+4 * 7
+4 * 7
jump=7 0x17d30 -83 
* * 
+10 -28 28 28 0 1 0 0 1
+4 * 28
+2 * 28
+4 * 28
+4 -36 28 0 0 1 0 0 1
+3 * 28
jcnd=21/28 0x17d7d +2 
* * 
+6 +61 8 8
+4 * 8
jcnd=1/8 0x17f59 * 
* * 
+6 * 7 7
+4 * 7
+3 * 7
+4 * 7
jump=7 -84 +3 
* * 
0x17f59 * 1
+7 +7 1
+4 * 1 1
+1 * 1 1
+2 * 1 1
+2 * 1 1
+2 * 1 1
+2 * 1 1
+1 * 1 1

fl=(31)
fn=(96)
0x10da0 74 1 1

fn=(92)
0x10db0 49 9 0 0 1 0 0 1
+3 * 9
jcnd=9/9 +85 +1 
* * 
+29 +5 8
+3 * 8
jcnd=8/8 +93 +4 
* * 
+8 +5 1 0 0 1 0 0 1
+4 * 1
+7 -1 1 0 1
+4 +1 1
+4 * 1 1
+4 +1 1
+7 * 1 0 1
+4 -1 1 0 1
+4 +5 1 1
+7 -14 9 9 0 1 0 0 1
+7 +4 9 9
+5 * 9
jcnd=8/9 -68 * 
* * 
+2 +4 1
+3 -1 1 0 1
+6 +1 1
jcnd=1/1 -68 +1 
* * 
+17 * 8 8

fl=(53)
fn=(168)
0x1d0e0 29 1 1
+4 +1 1 1
+4 +1 1 1
+4 +2 1
+4 * 1 1
+7 +1 1
+4 * 1 1 0 1 0 0 1
+7 +1 1
+4 * 1 1
+7 +10 1
+1 +11 1 1
+3 +1 1 1
+4 +1 1 1
+4 +1 1 1
+4 +1 1 1
+4 +2 1
+2 +1 1
+3 +1 1
+3 +1 1
+1 +2 1

ob=(2)
fl=(18)
fn=(88)
0x4000f00 0 5 5 0 1 0 0 1
cob=(1)
cfi=(19)
cfn=(90)
calls=5 0x1b620 111 
* 0 20 10

totals: 106726 22695 8984 501 404 555 501 389 553
